nome    Z    A   solar       PF          YieldTot 
H       1    1  7.2155D-01  7.3439D-01  6.1576D+00  6.1576D+00
H2      1    2  2.9439D-05  1.0498D-02  3.5914D-06  3.5914D-06
He3     2    3  3.1196D-05  9.7823D-01  3.5461D-04  3.5461D-04  H3  :  1.5149D-17
He4     2    4  2.6500D-01  1.5497D+00  4.7721D+00  4.7721D+00
Li6     3    6  5.9602D-10  1.0498D-02  7.2709D-11  7.2709D-11
Li7     3    7  8.4661D-09  1.0498D-02  1.0328D-09  1.0328D-09  Be7 :  1.1559D-18
Be9     4    9  1.5889D-10  1.0499D-02  1.9385D-11  1.9385D-11
B10     5   10  7.3404D-10  1.1728D-02  1.0004D-10  1.0004D-10  Be10:  1.0626D-59
B11     5   11  3.2501D-09  1.9444D-01  7.3432D-09  7.3432D-09
C12     6   12  2.3514D-03  4.2064D+00  1.1493D-01  1.1493D-01
C13     6   13  2.8494D-05  2.0874D+00  6.9115D-04  6.9115D-04  N13 :  1.7508D-14
N14     7   14  6.9520D-04  4.1737D+00  3.3717D-02  3.3715D-02  C14 :  1.7661D-06
N15     7   15  1.7096D-06  3.6009D-01  7.1537D-06  7.1537D-06  O15 :  3.2733D-16
O16     8   16  5.7553D-03  3.0475D+00  2.0381D-01  2.0381D-01  N16 :  9.8071D-35
O17     8   17  2.3231D-06  2.1261D+00  5.7394D-05  5.7394D-05  F17 :  3.8811D-28
O18     8   18  1.2980D-05  3.2666D+01  4.9271D-03  4.9270D-03  F18 :  8.9084D-08
F19     9   19  5.0785D-07  6.1658D-01  3.6386D-06  3.6386D-06  O19 :  7.0602D-26
Ne20   10   20  1.1647D-03  2.7747D+00  3.7554D-02  3.7554D-02  F20 :  1.2810D-26
Ne21   10   21  2.9317D-06  3.4621D+00  1.1794D-04  1.1794D-04  Na21:  2.9776D-20
Ne22   10   22  9.4207D-05  6.8880D+00  7.5403D-03  7.5402D-03  Na22:  1.0673D-07
Na23   11   23  2.9424D-05  3.3019D+00  1.1290D-03  1.1290D-03  Ne23:  1.7218D-19  Mg23:  2.1716D-15
Mg24   12   24  5.5560D-04  3.2338D+00  2.0878D-02  2.0878D-02  Na24:  3.4599D-07
Mg25   12   25  7.3269D-05  1.6574D+00  1.4111D-03  1.4111D-03  Al25:  6.6188D-22
Mg26   12   26  8.3896D-05  2.2746D+00  2.2175D-03  2.1965D-03  Al26:  2.0444D-05  Alg6:  5.7202D-07  Alm6:  3.5356D-16
Al27   13   27  5.6020D-05  3.1432D+00  2.0461D-03  2.0461D-03  Mg27:  1.1302D-13  Si27:  7.9619D-17
Si28   14   28  6.1519D-04  9.4369D+00  6.7461D-02  6.7461D-02  Al28:  9.2918D-14
Si29   14   29  3.2353D-05  2.9095D+00  1.0938D-03  1.0938D-03  P29 :  8.6795D-25
Si30   14   30  2.2063D-05  7.2731D+00  1.8646D-03  1.8646D-03  P30 :  4.6394D-12
P31    15   31  5.8660D-06  5.0617D+00  3.4503D-04  3.4499D-04  Si31:  4.0519D-08  S31 :  5.3756D-21
S32    16   32  2.9480D-04  7.5657D+00  2.5918D-02  2.5918D-02  Si32:  2.4487D-09  P32 :  3.3288D-07
S33    16   33  2.4339D-06  5.3003D+00  1.4991D-04  1.4968D-04  P33 :  2.2665D-07  Cl33:  4.4683D-29
S34    16   34  1.4155D-05  6.4036D+00  1.0533D-03  1.0533D-03  P34 :  2.1511D-21  Cl34:  9.4236D-27
S36    16   36  6.9873D-08  1.2061D+00  9.7931D-07  9.7931D-07
Cl35   17   35  6.1745D-06  1.6531D+00  1.1861D-04  1.1845D-04  S35 :  1.6055D-07
Cl37   17   37  2.0862D-06  1.4267D+00  3.4586D-05  2.7989D-05  S37 :  3.0853D-20  Ar37:  6.5967D-06  K37 :  8.5010D-39
Ar36   18   36  5.6315D-05  6.7118D+00  4.3922D-03  4.3917D-03  Cl36:  4.5003D-07
Ar38   18   38  1.0808D-05  3.7685D+00  4.7329D-04  4.7329D-04  Cl38:  3.3399D-12  K38 :  2.5549D-14
Ar40   18   40  1.8196D-08  1.2591D+00  2.6623D-07  2.6623D-07
K39    19   39  2.8651D-06  1.6983D+00  5.6541D-05  5.6347D-05  Ar39:  1.9342D-07
K40    19   40  4.6383D-09  4.1522D+00  2.2379D-07  2.2379D-07
K41    19   41  2.1737D-07  2.1920D+00  5.5367D-06  2.6094D-06  Ar41:  3.1583D-11  Ca41:  2.9273D-06  Sc41:  1.1391D-55
Ca40   20   40  6.2452D-05  5.2743D+00  3.8276D-03  3.8276D-03
Ca42   20   42  4.3765D-07  2.9748D+00  1.5129D-05  1.5121D-05  K42 :  7.5977D-09  Sc42:  1.6070D-47
Ca43   20   43  9.3493D-08  1.3935D+00  1.5140D-06  1.4926D-06  Sc43:  2.1379D-08
Ca44   20   44  1.4782D-06  1.3818D+00  2.3736D-05  1.7248D-05  Sc44:  1.6077D-09  Ti44:  6.4857D-06
Ca46   20   46  2.9634D-09  1.5393D+00  5.3006D-08  5.3006D-08
Ca48   20   48  1.4456D-07  9.7055D-01  1.6304D-06  1.6304D-06
Sc45   21   45  4.6794D-08  1.4235D+00  7.7406D-07  6.9199D-07  Ca45:  6.7006D-08  Ti45:  1.5066D-08  V45 :  3.8521D-54
Ti46   22   46  2.4899D-07  2.7543D+00  7.9691D-06  7.9524D-06  Sc46:  1.6779D-08  V46 :  2.6075D-55
Ti47   22   47  2.2943D-07  1.1017D+00  2.9373D-06  2.9347D-06  Ca47:  1.2247D-10  Sc47:  2.4021D-09  V47 :  4.9436D-11
Ti48   22   48  2.3217D-06  3.0065D+00  8.1111D-05  2.6130D-05  Sc48:  1.1365D-09  V48 :  3.0110D-08  Cr48:  5.4950D-05
Ti49   22   49  1.7393D-07  3.3940D+00  6.8596D-06  2.2232D-06  Ca49:  2.1060D-18  Sc49:  8.5272D-13  V49 :  4.6270D-06  Cr49:  9.4049D-09
Ti50   22   50  1.6993D-07  1.1089D+00  2.1896D-06  2.1896D-06
V50    23   50  7.8323D-10  2.3989D+00  2.1833D-08  2.1833D-08
V51    23   51  3.1876D-07  4.8029D+00  1.7790D-05  3.6815D-06  Ti51:  4.8073D-17  Cr51:  1.4072D-05  Mn51:  3.6581D-08
Cr50   24   50  6.9813D-07  8.6753D+00  7.0378D-05  7.0378D-05  Mn50:  1.0626D-59
Cr52   24   52  1.4001D-05  6.4841D+00  1.0550D-03  1.6979D-04  V52 :  2.3255D-16  Mn52:  2.2498D-04  Fe52:  6.6020D-04
Cr53   24   53  1.6182D-06  6.9617D+00  1.3090D-04  1.8112D-05  Mn53:  1.1279D-04  Fe53:  1.7027D-13
Cr54   24   54  4.1040D-07  1.2430D+00  5.9276D-06  5.8476D-06  Mn54:  8.0036D-08
Mn55   25   55  1.0898D-05  6.0527D+00  7.6649D-04  1.2728D-04  Cr55:  4.9960D-17  Fe55:  1.2148D-04  Co55:  5.1774D-04
Fe54   26   54  7.3478D-05  6.6961D+00  5.7174D-03  5.7174D-03  Co54:  1.0626D-59
Fe56   26   56  1.1962D-03  8.4367D+00  1.1727D-01  1.3506D-02  Mn56:  3.2315D-08  Co56:  3.3411D-06  Ni56:  1.0376D-01
Fe57   26   57  2.8118D-05  1.4954D+01  4.8862D-03  3.5503D-04  Mn57:  7.0292D-19  Co57:  2.3674D-04  Ni57:  4.2944D-03  Cu57:  1.0626D-59
Fe58   26   58  3.8076D-06  2.5128D+00  1.1118D-04  1.0961D-04  Co58:  1.5651D-06
Co59   27   59  4.2445D-06  6.6867D+00  3.2980D-04  7.2631D-05  Fe59:  4.2902D-06  Ni59:  2.5288D-04  Cu59:  4.3111D-21
Ni58   28   58  4.8240D-05  2.6381D+01  1.4788D-02  1.4788D-02  Cu58:  1.4567D-34
Ni60   28   60  1.9223D-05  7.5571D+00  1.6881D-03  1.6850D-03  Fe60:  1.4678D-06  Co60:  1.5666D-06  Cu60:  3.0854D-08  Zn60:  4.4887D-24
Ni61   28   61  8.4952D-07  1.3154D+01  1.2985D-04  8.0746D-05  Fe61:  1.4806D-16  Co61:  2.7246D-08  Cu61:  4.9079D-05  Zn61:  3.4315D-23
Ni62   28   62  2.7531D-06  4.6358D+01  1.4830D-03  8.6172D-05  Cu62:  1.2016D-06  Zn62:  1.3957D-03  Ga62:  1.0626D-59
Ni64   28   64  7.2374D-07  1.2451D+00  1.0471D-05  1.0471D-05
Cu63   29   63  4.9686D-07  1.7562D+00  1.0140D-05  8.0598D-06  Ni63:  2.0781D-06  Zn63:  2.0881D-09  Ga63:  2.7541D-31
Cu65   29   65  2.2849D-07  1.7382D+00  4.6152D-06  3.7151D-06  Ni65:  2.1588D-09  Zn65:  8.9799D-07  Ga65:  1.3699D-13  Ge65:  1.7260D-34
Zn64   30   64  8.3188D-07  1.6045D+00  1.5510D-05  1.5364D-05  Cu64:  1.4639D-07  Ga64:  8.3721D-27  Ge64:  2.3556D-33
Zn66   30   66  4.9218D-07  4.7339D+00  2.7075D-05  1.2145D-05  Cu66:  7.6847D-16  Ga66:  1.2482D-05  Ge66:  2.4479D-06
Zn67   30   67  7.3424D-08  1.1832D+00  1.0095D-06  9.7939D-07  Ga67:  3.0116D-08  Ge67:  6.1686D-15
Zn68   30   68  3.4079D-07  1.1470D+00  4.5421D-06  4.5203D-06  Ga68:  2.8751D-11  Ge68:  2.1845D-08
Zn70   30   70  1.1600D-08  1.0576D+00  1.4256D-07  1.4256D-07
Ga69   31   69  3.3478D-08  1.3691D+00  5.3262D-07  5.3195D-07  Zn69:  6.5779D-11  Ge69:  6.0875D-10
Ga71   31   71  2.2862D-08  1.2348D+00  3.2805D-07  3.1727D-07  Zn71:  1.0822D-21  Ge71:  1.0761D-08  As71:  1.5781D-11
Ge70   32   70  4.7971D-08  1.3114D+00  7.3102D-07  7.3102D-07  Ga70:  4.5038D-14
Ge72   32   72  6.5204D-08  1.1242D+00  8.5180D-07  8.4922D-07  Ga72:  2.5551D-09  As72:  3.1898D-11
Ge73   32   73  1.8556D-08  1.0658D+00  2.2982D-07  2.2783D-07  As73:  1.9870D-09
Ge74   32   74  8.8283D-08  1.0461D+00  1.0732D-06  1.0728D-06  As74:  4.4422D-10
Ge76   32   76  1.9019D-08  9.7710D-01  2.1594D-07  2.1594D-07
As75   33   75  1.1016D-08  1.1597D+00  1.4846D-07  1.4730D-07  Ge75:  3.6910D-11  Se75:  1.1143D-09  Br75:  3.6792D-15
Se74   34   74  1.0607D-09  1.7900D+00  2.2063D-08  2.2063D-08
Se76   34   76  1.1469D-08  1.2790D+00  1.7046D-07  1.6946D-07  As76:  1.0069D-09  Br76:  1.3587D-12
Se77   34   77  9.4622D-09  1.0590D+00  1.1644D-07  1.1135D-07  Ge77:  1.3326D-10  As77:  4.9107D-09  Br77:  4.7594D-11
Se78   34   78  2.9861D-08  1.0291D+00  3.5708D-07  3.5708D-07  Br78:  3.3835D-19
Se80   34   80  6.3920D-08  9.9129D-01  7.3630D-07  7.3630D-07
Se82   34   82  1.1529D-08  9.8592D-01  1.3209D-07  1.3209D-07
Br79   35   79  1.0222D-08  9.9984D-01  1.1876D-07  1.1147D-07  Se79:  7.2491D-09  Kr79:  3.6833D-11  Rb79:  3.7717D-20
Br81   35   81  1.0195D-08  1.0332D+00  1.2241D-07  1.1981D-07  Se81:  7.4088D-16  Kr81:  2.5998D-09  Rb81:  5.7029D-14
Kr78   36   78  3.6964D-10  1.0697D+00  4.5947D-09  4.5947D-09
Kr80   36   80  2.4360D-09  1.4458D+00  4.0927D-08  4.0927D-08  Br80:  1.3598D-15  Rb80:  2.7007D-23
Kr82   36   82  1.2511D-08  1.0974D+00  1.5955D-07  1.5930D-07  Br82:  2.4279D-10  Rb82:  9.7854D-14
Kr83   36   83  1.2546D-08  9.7432D-01  1.4204D-07  1.4171D-07  Se83:  2.8460D-16  Br83:  2.6959D-10  Rb83:  6.0191D-11
Kr84   36   84  6.2574D-08  1.0017D+00  7.2839D-07  7.2839D-07  Rb84:  6.6351D-12
Kr86   36   86  1.9374D-08  1.0403D+00  2.3420D-07  2.3420D-07
Rb85   37   85  1.4679D-08  1.0380D+00  1.7705D-07  1.6996D-07  Kr85:  7.0001D-09  Sr85:  9.2239D-11  Y85 :  2.3517D-16
Rb87   37   87  6.1834D-09  1.1568D+00  8.3116D-08  8.3116D-08  Kr87:  4.3079D-13
Sr84   38   84  2.5579D-10  1.2425D+00  3.6934D-09  3.6934D-09
Sr86   38   86  4.6312D-09  1.3224D+00  7.1168D-08  6.9361D-08  Rb86:  1.8065D-09  Y86 :  6.9414D-15
Sr87   38   87  3.2742D-09  1.1231D+00  4.2730D-08  4.2728D-08  Y87 :  2.4574D-12
Sr88   38   88  3.9706D-08  1.0783D+00  4.9752D-07  4.9752D-07  Rb88:  8.1572D-17  Y88 :  7.7484D-12
Y89    39   89  1.0626D-08  1.0346D+00  1.2775D-07  1.2641D-07  Sr89:  1.3442D-09
Zr90   40   90  1.2960D-08  1.0086D+00  1.5190D-07  1.5139D-07  Sr90:  3.8338D-10  Y90 :  1.2345D-10
Zr91   40   91  2.8577D-09  1.0021D+00  3.3277D-08  3.2934D-08  Sr91:  2.6764D-12  Y91 :  3.2605D-10  Nb91:  1.4964D-11
Zr92   40   92  4.4160D-09  1.0026D+00  5.1450D-08  5.1448D-08  Nb92:  1.9271D-12
Zr94   40   94  4.5725D-09  9.8100D-01  5.2125D-08  5.2125D-08
Zr96   40   96  7.5233D-10  3.4027D-02  2.9747D-10  2.9747D-10
Nb93   41   93  1.9745D-09  9.6169D-01  2.2065D-08  2.1180D-08  Zr93:  8.6093D-10  Mo93:  2.4682D-11
Mo92   42   92  7.4625D-10  9.7838D-01  8.4841D-09  8.4841D-09
Mo94   42   94  4.8037D-10  1.1600D+00  6.4751D-09  6.4669D-09  Nb94:  8.2715D-12
Mo95   42   95  8.4024D-10  9.8020D-01  9.5705D-09  9.3607D-09  Zr95:  1.8196D-10  Nb95:  2.7765D-11
Mo96   42   96  8.9379D-10  1.8062D+00  1.8759D-08  1.8757D-08  Nb96:  2.1862D-12
Mo97   42   97  5.1997D-10  1.2796D+00  7.7314D-09  7.7302D-09  Zr97:  1.0363D-12  Nb97:  2.1014D-13
Mo98   42   98  1.3349D-09  1.0615D+00  1.6465D-08  1.6465D-08
