nome    Z    A   solar       PF          YieldTot 
H       1    1  7.2155D-01  7.0172D-01  6.8743D+00  6.8743D+00
H2      1    2  2.9439D-05  9.1948D-03  3.6751D-06  3.6751D-06
He3     2    3  3.1196D-05  9.0243D-01  3.8222D-04  3.8222D-04  H3  :  7.3936D-17
He4     2    4  2.6500D-01  1.4895D+00  5.3590D+00  5.3590D+00
Li6     3    6  5.9602D-10  9.1949D-03  7.4406D-11  7.4406D-11
Li7     3    7  8.4661D-09  9.1949D-03  1.0569D-09  1.0569D-09  Be7 :  6.4615D-16
Be9     4    9  1.5889D-10  9.1958D-03  1.9838D-11  1.9838D-11
B10     5   10  7.3404D-10  1.0782D-02  1.0745D-10  1.0745D-10  Be10:  1.1994D-59
B11     5   11  3.2501D-09  1.8570D-01  8.1942D-09  8.1942D-09
C12     6   12  2.3514D-03  5.8346D+00  1.8627D-01  1.8627D-01
C13     6   13  2.8494D-05  2.0233D+00  7.8276D-04  7.8276D-04  N13 :  3.6357D-14
N14     7   14  6.9520D-04  3.7740D+00  3.5621D-02  3.5621D-02  C14 :  7.1144D-07
N15     7   15  1.7096D-06  3.4452D-01  7.9969D-06  7.9969D-06  O15 :  3.1858D-19
O16     8   16  5.7553D-03  6.3396D+00  4.9537D-01  4.9537D-01  N16 :  2.8514D-33
O17     8   17  2.3231D-06  1.8509D+00  5.8378D-05  5.8378D-05  F17 :  5.9936D-27
O18     8   18  1.2980D-05  3.1907D+01  5.6230D-03  5.6230D-03  F18 :  4.4008D-09
F19     9   19  5.0785D-07  5.8579D-01  4.0390D-06  4.0390D-06  O19 :  9.3480D-25
Ne20   10   20  1.1647D-03  1.3727D+01  2.1707D-01  2.1707D-01  F20 :  3.0910D-24
Ne21   10   21  2.9317D-06  6.2845D+00  2.5014D-04  2.5014D-04  Na21:  2.9592D-19
Ne22   10   22  9.4207D-05  1.0454D+01  1.3372D-02  1.3371D-02  Na22:  1.0223D-06
Na23   11   23  2.9424D-05  1.0842D+01  4.3312D-03  4.3312D-03  Ne23:  1.4907D-18  Mg23:  3.8442D-22
Mg24   12   24  5.5560D-04  7.1747D+00  5.4121D-02  5.4121D-02  Na24:  3.5094D-07
Mg25   12   25  7.3269D-05  5.5081D+00  5.4793D-03  5.4793D-03  Al25:  1.0068D-20
Mg26   12   26  8.3896D-05  4.9127D+00  5.5958D-03  5.5623D-03  Al26:  3.2912D-05  Alg6:  5.2676D-07  Alm6:  2.5348D-20
Al27   13   27  5.6020D-05  8.8652D+00  6.7427D-03  6.7427D-03  Mg27:  4.3927D-13  Si27:  2.4323D-24
Si28   14   28  6.1519D-04  1.1704D+01  9.7754D-02  9.7754D-02  Al28:  1.5443D-13
Si29   14   29  3.2353D-05  4.0766D+00  1.7907D-03  1.7907D-03  P29 :  7.6847D-25
Si30   14   30  2.2063D-05  8.2761D+00  2.4791D-03  2.4791D-03  P30 :  1.3042D-14
P31    15   31  5.8660D-06  5.8651D+00  4.6711D-04  4.6705D-04  Si31:  6.2650D-08  S31 :  5.3575D-31
S32    16   32  2.9480D-04  1.0514D+01  4.2082D-02  4.2081D-02  Si32:  6.2544D-09  P32 :  6.0701D-07
S33    16   33  2.4339D-06  5.3726D+00  1.7754D-04  1.7726D-04  P33 :  2.7739D-07  Cl33:  8.0435D-28
S34    16   34  1.4155D-05  4.0763D+00  7.8341D-04  7.8341D-04  P34 :  2.9675D-23  Cl34:  1.4975D-33
S36    16   36  6.9873D-08  1.9034D+00  1.8057D-06  1.8057D-06
Cl35   17   35  6.1745D-06  1.6052D+00  1.3457D-04  1.3418D-04  S35 :  3.8812D-07
Cl37   17   37  2.0862D-06  1.6429D+00  4.6533D-05  4.0332D-05  S37 :  2.9798D-18  Ar37:  6.2002D-06  K37 :  1.0914D-37
Ar36   18   36  5.6315D-05  9.8919D+00  7.5632D-03  7.5623D-03  Cl36:  8.6200D-07
Ar38   18   38  1.0808D-05  1.6667D+00  2.4456D-04  2.4456D-04  Cl38:  1.1114D-12  K38 :  9.5231D-17
Ar40   18   40  1.8196D-08  1.9287D+00  4.7647D-07  4.7647D-07
K39    19   39  2.8651D-06  1.5899D+00  6.1848D-05  6.0941D-05  Ar39:  9.0690D-07
K40    19   40  4.6383D-09  8.5037D+00  5.3551D-07  5.3551D-07
K41    19   41  2.1737D-07  2.8818D+00  8.5048D-06  3.4481D-06  Ar41:  3.5372D-11  Ca41:  5.0566D-06  Sc41:  6.5032D-55
Ca40   20   40  6.2452D-05  7.5863D+00  6.4325D-03  6.4325D-03
Ca42   20   42  4.3765D-07  2.0678D+00  1.2287D-05  1.2280D-05  K42 :  6.5800D-09  Sc42:  1.8327D-49
Ca43   20   43  9.3493D-08  1.9278D+00  2.4470D-06  2.4281D-06  Sc43:  1.8966D-08
Ca44   20   44  1.4782D-06  1.4347D+00  2.8794D-05  2.0713D-05  Sc44:  2.4547D-09  Ti44:  8.0793D-06
Ca46   20   46  2.9634D-09  1.8534D+00  7.4572D-08  7.4572D-08
Ca48   20   48  1.4456D-07  9.6479D-01  1.8936D-06  1.8936D-06
Sc45   21   45  4.6794D-08  1.8525D+00  1.1769D-06  1.0612D-06  Ca45:  8.7978D-08  Ti45:  2.7785D-08  V45 :  1.2130D-59
Ti46   22   46  2.4899D-07  2.0285D+00  6.8573D-06  6.8261D-06  Sc46:  3.1206D-08  V46 :  1.1994D-59
Ti47   22   47  2.2943D-07  1.0785D+00  3.3594D-06  3.3549D-06  Ca47:  2.1071D-10  Sc47:  4.2399D-09  V47 :  5.3611D-11
Ti48   22   48  2.3217D-06  3.1783D+00  1.0018D-04  2.9706D-05  Sc48:  2.0305D-09  V48 :  3.0712D-08  Cr48:  7.0446D-05
Ti49   22   49  1.7393D-07  4.3461D+00  1.0263D-05  3.0711D-06  Ca49:  1.0389D-17  Sc49:  1.1672D-12  V49 :  7.1772D-06  Cr49:  1.4689D-08
Ti50   22   50  1.6993D-07  1.3795D+00  3.1827D-06  3.1827D-06
V50    23   50  7.8323D-10  3.1763D+00  3.3776D-08  3.3776D-08
V51    23   51  3.1876D-07  6.5650D+00  2.8412D-05  4.2874D-06  Ti51:  1.9860D-16  Cr51:  2.4061D-05  Mn51:  6.3049D-08
Cr50   24   50  6.9813D-07  1.6425D+01  1.5568D-04  1.5568D-04  Mn50:  1.1994D-59
Cr52   24   52  1.4001D-05  7.2942D+00  1.3866D-03  1.9015D-04  V52 :  1.0106D-16  Mn52:  3.0376D-04  Fe52:  8.9268D-04
Cr53   24   53  1.6182D-06  9.0493D+00  1.9881D-04  2.1381D-05  Mn53:  1.7743D-04  Fe53:  2.8439D-17
Cr54   24   54  4.1040D-07  1.6575D+00  9.2352D-06  9.1354D-06  Mn54:  9.9846D-08
Mn55   25   55  1.0898D-05  8.6383D+00  1.2781D-03  1.5010D-04  Cr55:  3.7610D-16  Fe55:  2.3737D-04  Co55:  8.9066D-04
Fe54   26   54  7.3478D-05  1.2346D+01  1.2316D-02  1.2316D-02  Co54:  1.1994D-59
Fe56   26   56  1.1962D-03  7.2867D+00  1.1834D-01  1.5492D-02  Mn56:  3.1009D-08  Co56:  6.2065D-06  Ni56:  1.0284D-01
Fe57   26   57  2.8118D-05  1.0205D+01  3.8957D-03  5.0685D-04  Mn57:  5.3681D-21  Co57:  1.8470D-04  Ni57:  3.2042D-03  Cu57:  1.1994D-59
Fe58   26   58  3.8076D-06  5.3687D+00  2.7754D-04  2.7511D-04  Co58:  2.4273D-06
Co59   27   59  4.2445D-06  5.5198D+00  3.1810D-04  1.4268D-04  Fe59:  5.6623D-06  Ni59:  1.6975D-04  Cu59:  6.0882D-20
Ni58   28   58  4.8240D-05  1.1764D+01  7.7047D-03  7.7047D-03  Cu58:  4.2189D-43
Ni60   28   60  1.9223D-05  5.9656D+00  1.5569D-03  1.5509D-03  Fe60:  3.7751D-06  Co60:  2.2439D-06  Cu60:  2.6854D-08  Zn60:  1.7906D-24
Ni61   28   61  8.4952D-07  8.6054D+00  9.9254D-05  6.9366D-05  Fe61:  5.5017D-16  Co61:  4.5228D-08  Cu61:  2.9843D-05  Zn61:  4.1486D-26
Ni62   28   62  2.7531D-06  1.9284D+01  7.2080D-04  9.8388D-05  Cu62:  5.1556D-07  Zn62:  6.2190D-04  Ga62:  1.1994D-59
Ni64   28   64  7.2374D-07  1.5450D+00  1.5182D-05  1.5182D-05
Cu63   29   63  4.9686D-07  2.3859D+00  1.6095D-05  8.6977D-06  Ni63:  7.3963D-06  Zn63:  8.0796D-10  Ga63:  1.1451D-35
Cu65   29   65  2.2849D-07  1.9445D+00  6.0323D-06  5.2392D-06  Ni65:  1.7458D-09  Zn65:  7.9139D-07  Ga65:  8.1493D-14  Ge65:  1.0167D-44
Zn64   30   64  8.3188D-07  1.4930D+00  1.6863D-05  1.6678D-05  Cu64:  1.8450D-07  Ga64:  9.6929D-27  Ge64:  2.3821D-35
Zn66   30   66  4.9218D-07  2.6511D+00  1.7716D-05  1.1502D-05  Cu66:  3.0265D-15  Ga66:  5.1944D-06  Ge66:  1.0192D-06
Zn67   30   67  7.3424D-08  1.5093D+00  1.5046D-06  1.4911D-06  Ga67:  1.3456D-08  Ge67:  2.0764D-15
Zn68   30   68  3.4079D-07  1.3409D+00  6.2044D-06  6.1966D-06  Ga68:  3.0443D-11  Ge68:  7.7689D-09
Zn70   30   70  1.1600D-08  1.0399D+00  1.6378D-07  1.6378D-07
Ga69   31   69  3.3478D-08  1.6424D+00  7.4654D-07  7.4569D-07  Zn69:  6.8706D-11  Ge69:  7.7597D-10
Ga71   31   71  2.2862D-08  1.5350D+00  4.7646D-07  4.5400D-07  Zn71:  1.6431D-19  Ge71:  2.2447D-08  As71:  1.8831D-11
Ge70   32   70  4.7971D-08  1.5539D+00  1.0120D-06  1.0120D-06  Ga70:  1.1141D-13
Ge72   32   72  6.5204D-08  1.2390D+00  1.0969D-06  1.0948D-06  Ga72:  2.0225D-09  As72:  3.9312D-11
Ge73   32   73  1.8556D-08  1.2757D+00  3.2138D-07  3.1860D-07  As73:  2.7818D-09
Ge74   32   74  8.8283D-08  1.1239D+00  1.3471D-06  1.3465D-06  As74:  5.9967D-10
Ge76   32   76  1.9019D-08  9.4921D-01  2.4510D-07  2.4510D-07
As75   33   75  1.1016D-08  1.2605D+00  1.8853D-07  1.8688D-07  Ge75:  4.4149D-11  Se75:  1.6037D-09  Br75:  3.3811D-15
Se74   34   74  1.0607D-09  1.8289D+00  2.6339D-08  2.6339D-08
Se76   34   76  1.1469D-08  1.4671D+00  2.2845D-07  2.2701D-07  As76:  1.4468D-09  Br76:  1.8268D-12
Se77   34   77  9.4622D-09  1.1925D+00  1.5320D-07  1.4631D-07  Ge77:  3.0729D-11  As77:  6.7919D-09  Br77:  6.9355D-11
Se78   34   78  2.9861D-08  1.1129D+00  4.5118D-07  4.5118D-07  Br78:  1.7128D-18
Se80   34   80  6.3920D-08  1.0279D+00  8.9205D-07  8.9205D-07
Se82   34   82  1.1529D-08  9.8238D-01  1.5378D-07  1.5378D-07
Br79   35   79  1.0222D-08  1.1469D+00  1.5917D-07  1.2722D-07  Se79:  3.1894D-08  Kr79:  4.9774D-11  Rb79:  1.5893D-20
Br81   35   81  1.0195D-08  1.0908D+00  1.5099D-07  1.4543D-07  Se81:  2.0659D-15  Kr81:  5.5682D-09  Rb81:  9.5216D-14
Kr78   36   78  3.6964D-10  1.0297D+00  5.1677D-09  5.1677D-09
Kr80   36   80  2.4360D-09  1.5314D+00  5.0649D-08  5.0649D-08  Br80:  6.7989D-15  Rb80:  2.5824D-32
Kr82   36   82  1.2511D-08  1.2097D+00  2.0548D-07  2.0499D-07  Br82:  4.9048D-10  Rb82:  1.7577D-13
Kr83   36   83  1.2546D-08  1.0209D+00  1.7388D-07  1.7325D-07  Se83:  1.7568D-16  Br83:  5.4814D-10  Rb83:  8.1742D-11
Kr84   36   84  6.2574D-08  1.0474D+00  8.8987D-07  8.8986D-07  Rb84:  1.0375D-11
Kr86   36   86  1.9374D-08  1.1176D+00  2.9396D-07  2.9396D-07
Rb85   37   85  1.4679D-08  1.1267D+00  2.2455D-07  1.9622D-07  Kr85:  2.8239D-08  Sr85:  9.3110D-11  Y85 :  1.8194D-16
Rb87   37   87  6.1834D-09  1.2866D+00  1.0801D-07  1.0801D-07  Kr87:  1.1359D-13
Sr84   38   84  2.5579D-10  1.1204D+00  3.8911D-09  3.8911D-09
Sr86   38   86  4.6312D-09  1.5644D+00  9.8364D-08  9.5392D-08  Rb86:  2.9712D-09  Y86 :  8.5712D-15
Sr87   38   87  3.2742D-09  1.3620D+00  6.0544D-08  6.0541D-08  Y87 :  2.8158D-12
Sr88   38   88  3.9706D-08  1.1729D+00  6.3229D-07  6.3228D-07  Rb88:  3.4191D-16  Y88 :  9.2893D-12
Y89    39   89  1.0626D-08  1.0988D+00  1.5852D-07  1.5512D-07  Sr89:  3.4041D-09
Zr90   40   90  1.2960D-08  1.0158D+00  1.7874D-07  1.7716D-07  Sr90:  1.4112D-09  Y90 :  1.6446D-10
Zr91   40   91  2.8577D-09  1.0568D+00  4.1004D-08  4.0160D-08  Sr91:  6.9419D-13  Y91 :  8.2106D-10  Nb91:  2.2310D-11
Zr92   40   92  4.4160D-09  1.0307D+00  6.1798D-08  6.1796D-08  Nb92:  2.7945D-12
Zr94   40   94  4.5725D-09  9.9284D-01  6.1636D-08  6.1636D-08
Zr96   40   96  7.5233D-10  1.2004D-01  1.2262D-09  1.2262D-09
Nb93   41   93  1.9745D-09  9.9113D-01  2.6570D-08  2.3603D-08  Zr93:  2.9248D-09  Mo93:  4.2339D-11
Mo92   42   92  7.4625D-10  9.4484D-01  9.5729D-09  9.5729D-09
Mo94   42   94  4.8037D-10  1.1485D+00  7.4902D-09  7.4862D-09  Nb94:  4.0252D-12
Mo95   42   95  8.4024D-10  1.0086D+00  1.1506D-08  1.0702D-08  Zr95:  6.5403D-10  Nb95:  1.5031D-10
Mo96   42   96  8.9379D-10  1.7994D+00  2.1835D-08  2.1831D-08  Nb96:  4.3677D-12
Mo97   42   97  5.1997D-10  1.4144D+00  9.9852D-09  9.9849D-09  Zr97:  6.4720D-14  Nb97:  2.4984D-13
Mo98   42   98  1.3349D-09  1.3737D+00  2.4897D-08  2.4897D-08
