nome    Z    A   solar       PF          YieldTot 
H       1    1  7.2155D-01  6.3693D-01  8.4691D+00  8.4691D+00
H2      1    2  2.9439D-05  1.0900D-02  5.9132D-06  5.9132D-06
He3     2    3  3.1196D-05  7.7499D-01  4.4553D-04  4.4553D-04  H3  :  4.3584D-12
He4     2    4  2.6500D-01  1.4970D+00  7.3105D+00  7.3105D+00
Li6     3    6  5.9602D-10  1.0956D-02  1.2033D-10  1.2033D-10
Li7     3    7  8.4661D-09  1.1615D-02  1.8121D-09  1.8120D-09  Be7 :  3.9904D-14
Be9     4    9  1.5889D-10  2.1581D-02  6.3191D-11  6.3191D-11
B10     5   10  7.3404D-10  2.6308D-02  3.5587D-10  3.5587D-10  Be10:  6.5763D-60
B11     5   11  3.2501D-09  1.6772D-01  1.0045D-08  1.0045D-08
C12     6   12  2.3514D-03  8.8657D+00  3.8417D-01  3.8417D-01
C13     6   13  2.8494D-05  1.9528D+00  1.0254D-03  1.0254D-03  N13 :  1.2853D-13
N14     7   14  6.9520D-04  3.4256D+00  4.3886D-02  4.3885D-02  C14 :  9.9906D-07
N15     7   15  1.7096D-06  3.5673D-01  1.1239D-05  1.1239D-05  O15 :  3.0405D-16
O16     8   16  5.7553D-03  1.1923D+01  1.2645D+00  1.2645D+00  N16 :  1.7615D-31
O17     8   17  2.3231D-06  1.3550D+00  5.8007D-05  5.8007D-05  F17 :  5.6847D-25
O18     8   18  1.2980D-05  2.0052D+01  4.7964D-03  4.7964D-03  F18 :  3.9399D-08
F19     9   19  5.0785D-07  5.5968D-01  5.2378D-06  5.2378D-06  O19 :  1.8207D-23
Ne20   10   20  1.1647D-03  1.7448D+01  3.7450D-01  3.7450D-01  F20 :  1.4436D-25
Ne21   10   21  2.9317D-06  1.0452D+01  5.6465D-04  5.6465D-04  Na21:  7.4804D-17
Ne22   10   22  9.4207D-05  1.9670D+01  3.4147D-02  3.4146D-02  Na22:  1.2785D-06
Na23   11   23  2.9424D-05  1.1678D+01  6.3319D-03  6.3319D-03  Ne23:  3.6170D-16  Mg23:  1.9175D-15
Mg24   12   24  5.5560D-04  8.9348D+00  9.1479D-02  9.1479D-02  Na24:  6.9436D-07
Mg25   12   25  7.3269D-05  6.7864D+00  9.1629D-03  9.1629D-03  Al25:  2.6346D-19
Mg26   12   26  8.3896D-05  7.2605D+00  1.1225D-02  1.1165D-02  Al26:  5.9300D-05  Alg6:  7.1185D-07  Alm6:  6.7720D-19
Al27   13   27  5.6020D-05  1.1659D+01  1.2036D-02  1.2036D-02  Mg27:  1.0197D-13  Si27:  3.6842D-17
Si28   14   28  6.1519D-04  1.3987D+01  1.5856D-01  1.5856D-01  Al28:  6.4601D-12
Si29   14   29  3.2353D-05  5.7511D+00  3.4289D-03  3.4289D-03  P29 :  1.4503D-22
Si30   14   30  2.2063D-05  1.2193D+01  4.9573D-03  4.9573D-03  P30 :  9.7723D-12
P31    15   31  5.8660D-06  8.3089D+00  8.9818D-04  8.9803D-04  Si31:  1.5262D-07  S31 :  2.3292D-21
S32    16   32  2.9480D-04  1.1555D+01  6.2774D-02  6.2772D-02  Si32:  2.0880D-08  P32 :  1.8662D-06
S33    16   33  2.4339D-06  7.6704D+00  3.4404D-04  3.4327D-04  P33 :  7.7064D-07  Cl33:  7.6742D-26
S34    16   34  1.4155D-05  7.9838D+00  2.0826D-03  2.0826D-03  P34 :  1.4410D-20  Cl34:  2.9699D-28
S36    16   36  6.9873D-08  2.6964D+00  3.4719D-06  3.4719D-06
Cl35   17   35  6.1745D-06  2.0255D+00  2.3047D-04  2.2940D-04  S35 :  1.0693D-06
Cl37   17   37  2.0862D-06  2.3306D+00  8.9599D-05  7.1202D-05  S37 :  1.9431D-19  Ar37:  1.8397D-05  K37 :  1.5974D-36
Ar36   18   36  5.6315D-05  1.0181D+01  1.0566D-02  1.0564D-02  Cl36:  2.0121D-06
Ar38   18   38  1.0808D-05  5.5675D+00  1.1089D-03  1.1089D-03  Cl38:  3.6909D-12  K38 :  6.6532D-15
Ar40   18   40  1.8196D-08  2.4029D+00  8.0573D-07  8.0573D-07
K39    19   39  2.8651D-06  2.3976D+00  1.2659D-04  1.2470D-04  Ar39:  1.8913D-06
K40    19   40  4.6383D-09  1.4230D+01  1.2163D-06  1.2163D-06
K41    19   41  2.1737D-07  4.5095D+00  1.8063D-05  5.3036D-06  Ar41:  9.4915D-11  Ca41:  1.2760D-05  Sc41:  4.4148D-54
Ca40   20   40  6.2452D-05  7.5864D+00  8.7310D-03  8.7310D-03
Ca42   20   42  4.3765D-07  5.8388D+00  4.7090D-05  4.7071D-05  K42 :  1.9466D-08  Sc42:  1.4228D-48
Ca43   20   43  9.3493D-08  3.4354D+00  5.9189D-06  5.8937D-06  Sc43:  2.5201D-08
Ca44   20   44  1.4782D-06  1.6407D+00  4.4693D-05  3.1964D-05  Sc44:  8.4361D-09  Ti44:  1.2721D-05
Ca46   20   46  2.9634D-09  2.8665D+00  1.5654D-07  1.5654D-07
Ca48   20   48  1.4456D-07  9.5252D-01  2.5376D-06  2.5376D-06
Sc45   21   45  4.6794D-08  3.1337D+00  2.7022D-06  2.2390D-06  Ca45:  4.2592D-07  Ti45:  3.7305D-08  V45 :  3.0102D-58
Ti46   22   46  2.4899D-07  5.0794D+00  2.3307D-05  2.3146D-05  Sc46:  1.6095D-07  V46 :  6.7025D-60
Ti47   22   47  2.2943D-07  1.2558D+00  5.3096D-06  5.2829D-06  Ca47:  1.3748D-09  Sc47:  2.5274D-08  V47 :  8.0068D-11
Ti48   22   48  2.3217D-06  3.2288D+00  1.3814D-04  3.9585D-05  Sc48:  6.4200D-09  V48 :  8.6038D-08  Cr48:  9.8465D-05
Ti49   22   49  1.7393D-07  4.0866D+00  1.3098D-05  4.7860D-06  Ca49:  4.1098D-18  Sc49:  3.4586D-12  V49 :  8.2952D-06  Cr49:  1.6878D-08
Ti50   22   50  1.6993D-07  1.8252D+00  5.7157D-06  5.7157D-06
V50    23   50  7.8323D-10  6.0144D+00  8.6808D-08  8.6808D-08
V51    23   51  3.1876D-07  5.0783D+00  2.9831D-05  5.8409D-06  Ti51:  1.2613D-16  Cr51:  2.3929D-05  Mn51:  6.0897D-08
Cr50   24   50  6.9813D-07  1.0932D+01  1.4064D-04  1.4064D-04  Mn50:  6.5763D-60
Cr52   24   52  1.4001D-05  6.9525D+00  1.7939D-03  2.6757D-04  V52 :  1.6585D-15  Mn52:  3.8500D-04  Fe52:  1.1413D-03
Cr53   24   53  1.6182D-06  7.3428D+00  2.1896D-04  2.8633D-05  Mn53:  1.9033D-04  Fe53:  3.0972D-14
Cr54   24   54  4.1040D-07  2.2214D+00  1.6800D-05  1.6531D-05  Mn54:  2.6887D-07
Mn55   25   55  1.0898D-05  5.9941D+00  1.2038D-03  2.0121D-04  Cr55:  4.4523D-16  Fe55:  2.1768D-04  Co55:  7.8489D-04
Fe54   26   54  7.3478D-05  7.6888D+00  1.0411D-02  1.0411D-02  Co54:  6.5763D-60
Fe56   26   56  1.1962D-03  5.6650D+00  1.2487D-01  2.0506D-02  Mn56:  5.0438D-08  Co56:  4.5518D-06  Ni56:  1.0436D-01
Fe57   26   57  2.8118D-05  7.2046D+00  3.7331D-03  7.8013D-04  Mn57:  1.5600D-17  Co57:  1.6423D-04  Ni57:  2.7888D-03  Cu57:  6.5763D-60
Fe58   26   58  3.8076D-06  9.3697D+00  6.5744D-04  6.5240D-04  Co58:  5.0478D-06
Co59   27   59  4.2445D-06  6.1071D+00  4.7769D-04  3.1127D-04  Fe59:  2.2634D-05  Ni59:  1.4379D-04  Cu59:  8.8287D-20
Ni58   28   58  4.8240D-05  5.9290D+00  5.2707D-03  5.2707D-03  Cu58:  2.1847D-36
Ni60   28   60  1.9223D-05  5.1962D+00  1.8407D-03  1.8260D-03  Fe60:  6.1198D-06  Co60:  8.5166D-06  Cu60:  3.0040D-08  Zn60:  3.6275D-24
Ni61   28   61  8.4952D-07  8.4579D+00  1.3241D-04  1.0495D-04  Fe61:  7.4949D-20  Co61:  1.6716D-07  Cu61:  2.7291D-05  Zn61:  3.1133D-23
Ni62   28   62  2.7531D-06  1.2008D+01  6.0921D-04  2.0060D-04  Cu62:  3.1462D-07  Zn62:  4.0830D-04  Ga62:  6.5763D-60
Ni64   28   64  7.2374D-07  2.2949D+00  3.0607D-05  3.0607D-05
Cu63   29   63  4.9686D-07  4.0007D+00  3.6631D-05  1.4539D-05  Ni63:  2.2092D-05  Zn63:  5.8273D-10  Ga63:  5.3438D-31
Cu65   29   65  2.2849D-07  3.2335D+00  1.3615D-05  1.2066D-05  Ni65:  6.5159D-09  Zn65:  1.5424D-06  Ga65:  8.7809D-14  Ge65:  1.0605D-34
Zn64   30   64  8.3188D-07  1.6011D+00  2.4545D-05  2.3971D-05  Cu64:  5.7447D-07  Ga64:  2.4115D-26  Ge64:  1.1660D-33
Zn66   30   66  4.9218D-07  2.5976D+00  2.3561D-05  1.9288D-05  Cu66:  2.4213D-15  Ga66:  3.5710D-06  Ge66:  7.0184D-07
Zn67   30   67  7.3424D-08  2.3289D+00  3.1512D-06  3.1325D-06  Ga67:  1.8672D-08  Ge67:  1.6225D-15
Zn68   30   68  3.4079D-07  1.9164D+00  1.2035D-05  1.2026D-05  Ga68:  8.3501D-11  Ge68:  9.0324D-09
Zn70   30   70  1.1600D-08  1.2408D+00  2.6524D-07  2.6524D-07
Ga69   31   69  3.3478D-08  2.6149D+00  1.6132D-06  1.6111D-06  Zn69:  2.8199D-10  Ge69:  1.8920D-09
Ga71   31   71  2.2862D-08  2.3957D+00  1.0093D-06  8.7247D-07  Zn71:  3.6725D-19  Ge71:  1.3683D-07  As71:  4.0062D-11
Ge70   32   70  4.7971D-08  2.2428D+00  1.9826D-06  1.9826D-06  Ga70:  1.0345D-13
Ge72   32   72  6.5204D-08  1.6598D+00  1.9943D-06  1.9871D-06  Ga72:  7.0932D-09  As72:  9.7871D-11
Ge73   32   73  1.8556D-08  1.7105D+00  5.8490D-07  5.7592D-07  As73:  8.9817D-09
Ge74   32   74  8.8283D-08  1.3497D+00  2.1958D-06  2.1940D-06  As74:  1.8539D-09
Ge76   32   76  1.9019D-08  9.5348D-01  3.3417D-07  3.3417D-07
As75   33   75  1.1016D-08  1.7238D+00  3.4995D-07  3.4591D-07  Ge75:  1.6446D-10  Se75:  3.8739D-09  Br75:  3.4896D-15
Se74   34   74  1.0607D-09  2.5604D+00  5.0048D-08  5.0048D-08
Se76   34   76  1.1469D-08  1.9243D+00  4.0672D-07  3.9985D-07  As76:  6.8635D-09  Br76:  3.3789D-12
Se77   34   77  9.4622D-09  1.5285D+00  2.6652D-07  2.3712D-07  Ge77:  1.0164D-10  As77:  2.9156D-08  Br77:  1.3737D-10
Se78   34   78  2.9861D-08  1.2759D+00  7.0207D-07  7.0207D-07  Br78:  3.8008D-18
Se80   34   80  6.3920D-08  1.0940D+00  1.2887D-06  1.2887D-06
Se82   34   82  1.1529D-08  9.9610D-01  2.1163D-07  2.1163D-07
Br79   35   79  1.0222D-08  1.3773D+00  2.5944D-07  1.6577D-07  Se79:  9.3574D-08  Kr79:  1.0177D-10  Rb79:  8.2156D-20
Br81   35   81  1.0195D-08  1.2089D+00  2.2712D-07  2.1509D-07  Se81:  2.2991D-16  Kr81:  1.2033D-08  Rb81:  1.2250D-13
Kr78   36   78  3.6964D-10  1.0303D+00  7.0182D-09  7.0182D-09
Kr80   36   80  2.4360D-09  1.8822D+00  8.4493D-08  8.4493D-08  Br80:  1.0262D-15  Rb80:  2.1900D-22
Kr82   36   82  1.2511D-08  1.4153D+00  3.2632D-07  3.2485D-07  Br82:  1.4764D-09  Rb82:  2.8735D-13
Kr83   36   83  1.2546D-08  1.1123D+00  2.5716D-07  2.5531D-07  Se83:  2.8710D-16  Br83:  1.6669D-09  Rb83:  1.8482D-10
Kr84   36   84  6.2574D-08  1.1223D+00  1.2941D-06  1.2941D-06  Rb84:  2.1749D-11
Kr86   36   86  1.9374D-08  1.2417D+00  4.4330D-07  4.4330D-07
Rb85   37   85  1.4679D-08  1.2480D+00  3.3760D-07  2.7200D-07  Kr85:  6.5377D-08  Sr85:  2.1860D-10  Y85 :  1.1234D-15
Rb87   37   87  6.1834D-09  1.4832D+00  1.6900D-07  1.6900D-07  Kr87:  3.0675D-13
Sr84   38   84  2.5579D-10  1.3289D+00  6.2639D-09  6.2639D-09
Sr86   38   86  4.6312D-09  2.1265D+00  1.8149D-07  1.7093D-07  Rb86:  1.0555D-08  Y86 :  1.7102D-14
Sr87   38   87  3.2742D-09  1.8324D+00  1.1056D-07  1.1055D-07  Y87 :  6.7873D-12
Sr88   38   88  3.9706D-08  1.4324D+00  1.0481D-06  1.0481D-06  Rb88:  8.5534D-17  Y88 :  2.1003D-11
Y89    39   89  1.0626D-08  1.2587D+00  2.4647D-07  2.3281D-07  Sr89:  1.3664D-08
Zr90   40   90  1.2960D-08  1.0813D+00  2.5823D-07  2.5361D-07  Sr90:  3.7142D-09  Y90 :  9.1429D-10
Zr91   40   91  2.8577D-09  1.1489D+00  6.0500D-08  5.7692D-08  Sr91:  2.0360D-12  Y91 :  2.7579D-09  Nb91:  4.8609D-11
Zr92   40   92  4.4160D-09  1.0976D+00  8.9317D-08  8.9312D-08  Nb92:  5.7911D-12
Zr94   40   94  4.5725D-09  1.0251D+00  8.6375D-08  8.6375D-08
Zr96   40   96  7.5233D-10  2.0383D-01  2.8259D-09  2.8259D-09
Nb93   41   93  1.9745D-09  1.0289D+00  3.7438D-08  2.9909D-08  Zr93:  7.3837D-09  Mo93:  1.4597D-10
Mo92   42   92  7.4625D-10  9.4636D-01  1.3014D-08  1.3014D-08
Mo94   42   94  4.8037D-10  1.2201D+00  1.0801D-08  1.0788D-08  Nb94:  1.2891D-11
Mo95   42   95  8.4024D-10  1.0452D+00  1.6183D-08  1.3957D-08  Zr95:  2.0378D-09  Nb95:  1.8807D-10
Mo96   42   96  8.9379D-10  1.8131D+00  2.9863D-08  2.9855D-08  Nb96:  8.8413D-12
Mo97   42   97  5.1997D-10  1.7488D+00  1.6757D-08  1.6756D-08  Zr97:  1.6527D-13  Nb97:  3.9336D-13
Mo98   42   98  1.3349D-09  1.8287D+00  4.4983D-08  4.4983D-08
