nome    Z    A   solar       PF          YieldTot 
H       1    1  7.2155D-01  5.9574D-01  1.0036D+01  1.0036D+01
H2      1    2  2.9439D-05  1.0779D-02  7.4087D-06  7.4087D-06
He3     2    3  3.1196D-05  7.1950D-01  5.2405D-04  5.2405D-04  H3  :  5.0439D-12
He4     2    4  2.6500D-01  1.4503D+00  8.9731D+00  8.9731D+00
Li6     3    6  5.9602D-10  1.0867D-02  1.5122D-10  1.5122D-10
Li7     3    7  8.4661D-09  1.1622D-02  2.2973D-09  2.2972D-09  Be7 :  1.0716D-13
Be9     4    9  1.5889D-10  2.1009D-02  7.7939D-11  7.7939D-11
B10     5   10  7.3404D-10  3.4169D-02  5.8559D-10  5.8559D-10  Be10:  8.7457D-60
B11     5   11  3.2501D-09  1.5883D-01  1.2052D-08  1.2052D-08
C12     6   12  2.3514D-03  1.0746D+01  5.8997D-01  5.8997D-01
C13     6   13  2.8494D-05  1.9041D+00  1.2667D-03  1.2667D-03  N13 :  1.1239D-13
N14     7   14  6.9520D-04  3.2714D+00  5.3099D-02  5.3098D-02  C14 :  1.0892D-06
N15     7   15  1.7096D-06  3.2623D-01  1.3022D-05  1.3022D-05  O15 :  4.4040D-16
O16     8   16  5.7553D-03  1.7488D+01  2.3500D+00  2.3500D+00  N16 :  1.6920D-32
O17     8   17  2.3231D-06  1.0477D+00  5.6824D-05  5.6824D-05  F17 :  1.0081D-23
O18     8   18  1.2980D-05  9.9552D+00  3.0170D-03  3.0170D-03  F18 :  1.8451D-08
F19     9   19  5.0785D-07  5.5209D-01  6.5462D-06  6.5462D-06  O19 :  3.9685D-25
Ne20   10   20  1.1647D-03  2.5399D+01  6.9070D-01  6.9070D-01  F20 :  1.2217D-26
Ne21   10   21  2.9317D-06  1.9572D+01  1.3397D-03  1.3397D-03  Na21:  1.7303D-18
Ne22   10   22  9.4207D-05  2.2261D+01  4.8965D-02  4.8962D-02  Na22:  2.5366D-06
Na23   11   23  2.9424D-05  2.5200D+01  1.7313D-02  1.7313D-02  Ne23:  1.8720D-18  Mg23:  1.3176D-15
Mg24   12   24  5.5560D-04  8.1071D+00  1.0517D-01  1.0516D-01  Na24:  2.1041D-06
Mg25   12   25  7.3269D-05  8.2351D+00  1.4088D-02  1.4088D-02  Al25:  3.9239D-20
Mg26   12   26  8.3896D-05  9.9009D+00  1.9394D-02  1.9329D-02  Al26:  6.2823D-05  Alg6:  1.5324D-06  Alm6:  5.9958D-19
Al27   13   27  5.6020D-05  1.6192D+01  2.1178D-02  2.1178D-02  Mg27:  4.4619D-13  Si27:  1.1502D-17
Si28   14   28  6.1519D-04  1.1723D+01  1.6838D-01  1.6838D-01  Al28:  6.5404D-12
Si29   14   29  3.2353D-05  5.4150D+00  4.0904D-03  4.0904D-03  P29 :  1.9170D-24
Si30   14   30  2.2063D-05  1.1228D+01  5.7840D-03  5.7840D-03  P30 :  1.2810D-11
P31    15   31  5.8660D-06  8.4691D+00  1.1599D-03  1.1597D-03  Si31:  2.4491D-07  S31 :  3.7122D-22
S32    16   32  2.9480D-04  9.1975D+00  6.3307D-02  6.3305D-02  Si32:  2.1692D-08  P32 :  1.5592D-06
S33    16   33  2.4339D-06  7.8798D+00  4.4779D-04  4.4705D-04  P33 :  7.3833D-07  Cl33:  1.2736D-27
S34    16   34  1.4155D-05  7.8938D+00  2.6088D-03  2.6088D-03  P34 :  9.5975D-21  Cl34:  3.2411D-29
S36    16   36  6.9873D-08  3.6095D+00  5.8885D-06  5.8885D-06
Cl35   17   35  6.1745D-06  2.0365D+00  2.9359D-04  2.9227D-04  S35 :  1.3172D-06
Cl37   17   37  2.0862D-06  2.9552D+00  1.4394D-04  1.2598D-04  S37 :  2.7830D-18  Ar37:  1.7969D-05  K37 :  6.7071D-38
Ar36   18   36  5.6315D-05  7.8246D+00  1.0288D-02  1.0284D-02  Cl36:  3.5566D-06
Ar38   18   38  1.0808D-05  4.8388D+00  1.2210D-03  1.2210D-03  Cl38:  8.2094D-12  K38 :  8.5198D-15
Ar40   18   40  1.8196D-08  2.8365D+00  1.2051D-06  1.2051D-06
K39    19   39  2.8651D-06  2.0624D+00  1.3796D-04  1.3459D-04  Ar39:  3.3684D-06
K40    19   40  4.6383D-09  2.1053D+01  2.2799D-06  2.2799D-06
K41    19   41  2.1737D-07  5.2041D+00  2.6411D-05  7.9983D-06  Ar41:  1.7049D-10  Ca41:  1.8413D-05  Sc41:  4.3595D-55
Ca40   20   40  6.2452D-05  5.9651D+00  8.6979D-03  8.6979D-03
Ca42   20   42  4.3765D-07  6.4094D+00  6.5493D-05  6.5455D-05  K42 :  3.8699D-08  Sc42:  1.3917D-49
Ca43   20   43  9.3493D-08  5.9382D+00  1.2962D-05  1.2938D-05  Sc43:  2.3919D-08
Ca44   20   44  1.4782D-06  1.8007D+00  6.2149D-05  5.1519D-05  Sc44:  1.0849D-08  Ti44:  1.0619D-05
Ca46   20   46  2.9634D-09  4.0247D+00  2.7847D-07  2.7847D-07
Ca48   20   48  1.4456D-07  9.5137D-01  3.2111D-06  3.2111D-06
Sc45   21   45  4.6794D-08  4.7839D+00  5.2267D-06  4.7158D-06  Ca45:  4.8166D-07  Ti45:  2.9238D-08  V45 :  1.7492D-59
Ti46   22   46  2.4899D-07  4.0971D+00  2.3818D-05  2.3614D-05  Sc46:  2.0422D-07  V46 :  8.7457D-60
Ti47   22   47  2.2943D-07  1.3642D+00  7.3078D-06  7.2525D-06  Ca47:  2.4059D-09  Sc47:  5.2816D-08  V47 :  6.7295D-11
Ti48   22   48  2.3217D-06  2.8992D+00  1.5716D-04  4.9092D-05  Sc48:  1.2255D-08  V48 :  1.0853D-07  Cr48:  1.0795D-04
Ti49   22   49  1.7393D-07  3.8377D+00  1.5585D-05  6.8409D-06  Ca49:  1.2289D-17  Sc49:  6.8822D-12  V49 :  8.7271D-06  Cr49:  1.6516D-08
Ti50   22   50  1.6993D-07  2.5255D+00  1.0020D-05  1.0020D-05
V50    23   50  7.8323D-10  8.1404D+00  1.4886D-07  1.4886D-07
V51    23   51  3.1876D-07  4.1531D+00  3.0909D-05  7.4140D-06  Ti51:  2.5395D-16  Cr51:  2.3436D-05  Mn51:  5.8251D-08
Cr50   24   50  6.9813D-07  7.4380D+00  1.2124D-04  1.2124D-04  Mn50:  8.7457D-60
Cr52   24   52  1.4001D-05  6.4862D+00  2.1203D-03  3.2511D-04  V52 :  1.9284D-15  Mn52:  4.5444D-04  Fe52:  1.3408D-03
Cr53   24   53  1.6182D-06  6.2544D+00  2.3630D-04  3.5946D-05  Mn53:  2.0035D-04  Fe53:  5.1518D-14
Cr54   24   54  4.1040D-07  2.9889D+00  2.8639D-05  2.8335D-05  Mn54:  3.0419D-07
Mn55   25   55  1.0898D-05  5.0927D+00  1.2958D-03  2.4673D-04  Cr55:  2.4053D-16  Fe55:  2.2061D-04  Co55:  8.2846D-04
Fe54   26   54  7.3478D-05  5.7012D+00  9.7807D-03  9.7807D-03  Co54:  8.7457D-60
Fe56   26   56  1.1962D-03  4.4986D+00  1.2564D-01  2.5060D-02  Mn56:  5.6418D-08  Co56:  4.5052D-06  Ni56:  1.0057D-01
Fe57   26   57  2.8118D-05  5.5768D+00  3.6612D-03  1.0972D-03  Mn57:  1.6928D-17  Co57:  1.4296D-04  Ni57:  2.4210D-03  Cu57:  8.7457D-60
Fe58   26   58  3.8076D-06  1.4678D+01  1.3049D-03  1.3003D-03  Co58:  4.6366D-06
Co59   27   59  4.2445D-06  7.5156D+00  7.4480D-04  6.0160D-04  Fe59:  1.7200D-05  Ni59:  1.2600D-04  Cu59:  6.6441D-21
Ni58   28   58  4.8240D-05  3.9626D+00  4.4631D-03  4.4631D-03  Cu58:  5.7632D-37
Ni60   28   60  1.9223D-05  4.2291D+00  1.8980D-03  1.8793D-03  Fe60:  9.5765D-06  Co60:  9.1154D-06  Cu60:  2.4441D-08  Zn60:  2.4333D-24
Ni61   28   61  8.4952D-07  1.0018D+01  1.9871D-04  1.7444D-04  Fe61:  1.7613D-16  Co61:  3.5888D-07  Cu61:  2.3901D-05  Zn61:  3.9971D-23
Ni62   28   62  2.7531D-06  1.1705D+01  7.5240D-04  4.1207D-04  Cu62:  2.7325D-07  Zn62:  3.4006D-04  Ga62:  8.7457D-60
Ni64   28   64  7.2374D-07  3.7629D+00  6.3584D-05  6.3584D-05
Cu63   29   63  4.9686D-07  6.8955D+00  7.9992D-05  2.8465D-05  Ni63:  5.1527D-05  Zn63:  4.8550D-10  Ga63:  5.5980D-31
Cu65   29   65  2.2849D-07  5.8998D+00  3.1474D-05  2.8581D-05  Ni65:  1.6839D-08  Zn65:  2.8765D-06  Ga65:  6.8428D-14  Ge65:  9.0923D-35
Zn64   30   64  8.3188D-07  1.9748D+00  3.8356D-05  3.7213D-05  Cu64:  1.1428D-06  Ga64:  2.9012D-26  Ge64:  1.6545D-33
Zn66   30   66  4.9218D-07  3.6197D+00  4.1596D-05  3.7786D-05  Cu66:  5.8712D-15  Ga66:  3.1851D-06  Ge66:  6.2425D-07
Zn67   30   67  7.3424D-08  4.0911D+00  7.0133D-06  6.9826D-06  Ga67:  3.0683D-08  Ge67:  1.2117D-15
Zn68   30   68  3.4079D-07  3.1561D+00  2.5112D-05  2.5098D-05  Ga68:  1.4424D-10  Ge68:  1.4270D-08
Zn70   30   70  1.1600D-08  1.8217D+00  4.9339D-07  4.9339D-07
Ga69   31   69  3.3478D-08  4.4355D+00  3.4670D-06  3.4626D-06  Zn69:  7.6445D-10  Ge69:  3.5914D-09
Ga71   31   71  2.2862D-08  4.4757D+00  2.3891D-06  2.2803D-06  Zn71:  1.7968D-20  Ge71:  1.0877D-07  As71:  8.3628D-11
Ge70   32   70  4.7971D-08  3.8350D+00  4.2953D-06  4.2953D-06  Ga70:  4.0544D-13
Ge72   32   72  6.5204D-08  2.3450D+00  3.5700D-06  3.5429D-06  Ga72:  2.6943D-08  As72:  2.1270D-10
Ge73   32   73  1.8556D-08  2.5095D+00  1.0872D-06  1.0745D-06  As73:  1.2709D-08
Ge74   32   74  8.8283D-08  1.7467D+00  3.6003D-06  3.5975D-06  As74:  2.7686D-09
Ge76   32   76  1.9019D-08  1.0248D+00  4.5504D-07  4.5504D-07
As75   33   75  1.1016D-08  2.3119D+00  5.9463D-07  5.8668D-07  Ge75:  3.9776D-10  Se75:  7.5525D-09  Br75:  7.7504D-15
Se74   34   74  1.0607D-09  3.4145D+00  8.4562D-08  8.4562D-08
Se76   34   76  1.1469D-08  2.7922D+00  7.4769D-07  7.3850D-07  As76:  9.1783D-09  Br76:  6.2840D-12
Se77   34   77  9.4622D-09  2.0350D+00  4.4958D-07  3.9637D-07  Ge77:  4.0497D-10  As77:  5.2550D-08  Br77:  2.5974D-10
Se78   34   78  2.9861D-08  1.5938D+00  1.1112D-06  1.1112D-06  Br78:  5.6957D-18
Se80   34   80  6.3920D-08  1.1893D+00  1.7750D-06  1.7750D-06
Se82   34   82  1.1529D-08  1.0671D+00  2.8725D-07  2.8725D-07
Br79   35   79  1.0222D-08  1.7040D+00  4.0667D-07  2.2959D-07  Se79:  1.7691D-07  Kr79:  1.6251D-10  Rb79:  1.0930D-19
Br81   35   81  1.0195D-08  1.4432D+00  3.4354D-07  3.0404D-07  Se81:  5.0049D-15  Kr81:  3.9500D-08  Rb81:  2.1866D-13
Kr78   36   78  3.6964D-10  1.0266D+00  8.8597D-09  8.8597D-09
Kr80   36   80  2.4360D-09  2.7657D+00  1.5730D-07  1.5730D-07  Br80:  9.9943D-15  Rb80:  2.9260D-22
Kr82   36   82  1.2511D-08  1.9450D+00  5.6816D-07  5.6570D-07  Br82:  2.4648D-09  Rb82:  3.8998D-13
Kr83   36   83  1.2546D-08  1.3316D+00  3.9004D-07  3.8679D-07  Se83:  7.5373D-16  Br83:  2.9985D-09  Rb83:  2.5271D-10
Kr84   36   84  6.2574D-08  1.2549D+00  1.8334D-06  1.8333D-06  Rb84:  2.8901D-11
Kr86   36   86  1.9374D-08  1.3647D+00  6.1729D-07  6.1729D-07
Rb85   37   85  1.4679D-08  1.4061D+00  4.8192D-07  3.5374D-07  Kr85:  1.2789D-07  Sr85:  2.8251D-10  Y85 :  8.9909D-16
Rb87   37   87  6.1834D-09  1.6091D+00  2.3230D-07  2.3230D-07  Kr87:  6.1684D-13
Sr84   38   84  2.5579D-10  1.2479D+00  7.4526D-09  7.4526D-09
Sr86   38   86  4.6312D-09  2.9249D+00  3.1627D-07  3.0645D-07  Rb86:  9.8160D-09  Y86 :  1.8053D-14
Sr87   38   87  3.2742D-09  2.6215D+00  2.0040D-07  2.0040D-07  Y87 :  8.5126D-12
Sr88   38   88  3.9706D-08  1.8725D+00  1.7359D-06  1.7359D-06  Rb88:  5.1089D-16  Y88 :  2.7209D-11
Y89    39   89  1.0626D-08  1.6035D+00  3.9782D-07  3.8601D-07  Sr89:  1.1807D-08
Zr90   40   90  1.2960D-08  1.1948D+00  3.6152D-07  3.5408D-07  Sr90:  6.1495D-09  Y90 :  1.2883D-09
Zr91   40   91  2.8577D-09  1.3394D+00  8.9365D-08  8.5410D-08  Sr91:  3.7306D-12  Y91 :  3.8671D-09  Nb91:  8.3770D-11
Zr92   40   92  4.4160D-09  1.2276D+00  1.2658D-07  1.2657D-07  Nb92:  1.0313D-11
Zr94   40   94  4.5725D-09  1.0942D+00  1.1681D-07  1.1681D-07
Zr96   40   96  7.5233D-10  2.5320D-01  4.4476D-09  4.4476D-09
Nb93   41   93  1.9745D-09  1.1391D+00  5.2513D-08  3.5759D-08  Zr93:  1.6535D-08  Mo93:  2.1858D-10
Mo92   42   92  7.4625D-10  9.1854D-01  1.6004D-08  1.6004D-08
Mo94   42   94  4.8037D-10  1.2172D+00  1.3652D-08  1.3647D-08  Nb94:  5.2072D-12
Mo95   42   95  8.4024D-10  1.0668D+00  2.0929D-08  1.8269D-08  Zr95:  2.0250D-09  Nb95:  6.3517D-10
Mo96   42   96  8.9379D-10  1.9298D+00  4.0271D-08  4.0254D-08  Nb96:  1.6806D-11
Mo97   42   97  5.1997D-10  2.4207D+00  2.9387D-08  2.9386D-08  Zr97:  3.0489D-13  Nb97:  1.1293D-12
Mo98   42   98  1.3349D-09  2.5771D+00  8.0318D-08  8.0318D-08
