nome    Z    A   solar       PF          YieldTot 
H       1    1  7.2155D-01  5.5973D-01  1.1392D+01  1.1392D+01
H2      1    2  2.9439D-05  1.0722D-02  8.9037D-06  8.9037D-06
He3     2    3  3.1196D-05  6.4920D-01  5.7126D-04  5.7126D-04  H3  :  5.7041D-12
He4     2    4  2.6500D-01  1.3504D+00  1.0094D+01  1.0094D+01
Li6     3    6  5.9602D-10  1.0851D-02  1.8242D-10  1.8242D-10
Li7     3    7  8.4661D-09  1.1680D-02  2.7893D-09  2.7844D-09  Be7 :  4.9218D-12
Be9     4    9  1.5889D-10  2.0568D-02  9.2184D-11  9.2184D-11
B10     5   10  7.3404D-10  3.3049D-02  6.8428D-10  6.8428D-10  Be10:  1.0841D-59
B11     5   11  3.2501D-09  1.3328D-01  1.2219D-08  1.2219D-08
C12     6   12  2.3514D-03  1.4191D+01  9.4123D-01  9.4123D-01
C13     6   13  2.8494D-05  1.9021D+00  1.5288D-03  1.5288D-03  N13 :  6.1117D-13
N14     7   14  6.9520D-04  3.2581D+00  6.3892D-02  6.3890D-02  C14 :  1.5535D-06
N15     7   15  1.7096D-06  3.0675D-01  1.4793D-05  1.4793D-05  O15 :  4.4650D-15
O16     8   16  5.7553D-03  2.3436D+01  3.8045D+00  3.8045D+00  N16 :  1.5769D-27
O17     8   17  2.3231D-06  9.2518D-01  6.0626D-05  6.0626D-05  F17 :  8.5748D-21
O18     8   18  1.2980D-05  2.6909D+00  9.8524D-04  9.8487D-04  F18 :  3.7814D-07
F19     9   19  5.0785D-07  6.5722D-01  9.4147D-06  9.4147D-06  O19 :  3.1999D-19
Ne20   10   20  1.1647D-03  2.8586D+01  9.3918D-01  9.3918D-01  F20 :  1.2951D-19
Ne21   10   21  2.9317D-06  3.1828D+01  2.6320D-03  2.6320D-03  Na21:  1.4558D-14
Ne22   10   22  9.4207D-05  2.1655D+01  5.7546D-02  5.7544D-02  Na22:  1.4801D-06
Na23   11   23  2.9424D-05  2.9156D+01  2.4199D-02  2.4199D-02  Ne23:  3.5501D-15  Mg23:  3.5425D-15
Mg24   12   24  5.5560D-04  1.0922D+01  1.7117D-01  1.7116D-01  Na24:  4.7823D-06
Mg25   12   25  7.3269D-05  1.0421D+01  2.1538D-02  2.1538D-02  Al25:  7.3164D-18
Mg26   12   26  8.3896D-05  1.3650D+01  3.2301D-02  3.2168D-02  Al26:  1.3044D-04  Alg6:  3.1027D-06  Alm6:  2.1769D-17
Al27   13   27  5.6020D-05  1.9884D+01  3.1421D-02  3.1421D-02  Mg27:  2.2450D-11  Si27:  1.5282D-16
Si28   14   28  6.1519D-04  1.7321D+01  3.0057D-01  3.0057D-01  Al28:  6.0677D-11
Si29   14   29  3.2353D-05  7.4443D+00  6.7937D-03  6.7937D-03  P29 :  1.9766D-20
Si30   14   30  2.2063D-05  1.8342D+01  1.1415D-02  1.1415D-02  P30 :  2.2051D-11
P31    15   31  5.8660D-06  1.2363D+01  2.0457D-03  2.0453D-03  Si31:  4.2247D-07  S31 :  1.5134D-20
S32    16   32  2.9480D-04  1.2576D+01  1.0458D-01  1.0457D-01  Si32:  2.8472D-08  P32 :  2.4077D-06
S33    16   33  2.4339D-06  1.1422D+01  7.8416D-04  7.8275D-04  P33 :  1.4169D-06  Cl33:  1.3343D-24
S34    16   34  1.4155D-05  1.0687D+01  4.2671D-03  4.2671D-03  P34 :  5.3040D-20  Cl34:  1.7598D-26
S36    16   36  6.9873D-08  3.8209D+00  7.5307D-06  7.5307D-06
Cl35   17   35  6.1745D-06  2.3941D+00  4.1697D-04  4.1548D-04  S35 :  1.4912D-06
Cl37   17   37  2.0862D-06  3.7614D+00  2.2134D-04  1.9297D-04  S37 :  1.0472D-15  Ar37:  2.8378D-05  K37 :  5.1762D-35
Ar36   18   36  5.6315D-05  1.0118D+01  1.6072D-02  1.6065D-02  Cl36:  6.6401D-06
Ar38   18   38  1.0808D-05  6.2645D+00  1.9098D-03  1.9098D-03  Cl38:  1.9367D-11  K38 :  3.2811D-14
Ar40   18   40  1.8196D-08  2.7038D+00  1.3877D-06  1.3877D-06
K39    19   39  2.8651D-06  2.3185D+00  1.8737D-04  1.8366D-04  Ar39:  3.7114D-06
K40    19   40  4.6383D-09  3.0801D+01  4.0298D-06  4.0298D-06
K41    19   41  2.1737D-07  6.8563D+00  4.2039D-05  1.1082D-05  Ar41:  2.7993D-10  Ca41:  3.0957D-05  Sc41:  2.5922D-53
Ca40   20   40  6.2452D-05  7.2461D+00  1.2765D-02  1.2765D-02
Ca42   20   42  4.3765D-07  8.8398D+00  1.0913D-04  1.0905D-04  K42 :  7.5358D-08  Sc42:  1.6925D-46
Ca43   20   43  9.3493D-08  8.2285D+00  2.1700D-05  2.1680D-05  Sc43:  1.9667D-08
Ca44   20   44  1.4782D-06  2.0123D+00  8.3908D-05  7.4114D-05  Sc44:  2.3636D-08  Ti44:  9.7706D-06
Ca46   20   46  2.9634D-09  3.8276D+00  3.1995D-07  3.1995D-07
Ca48   20   48  1.4456D-07  9.3216D-01  3.8012D-06  3.8012D-06
Sc45   21   45  4.6794D-08  6.5385D+00  8.6304D-06  8.0876D-06  Ca45:  5.0137D-07  Ti45:  4.1453D-08  V45 :  8.2243D-53
Ti46   22   46  2.4899D-07  5.3783D+00  3.7774D-05  3.7422D-05  Sc46:  3.5245D-07  V46 :  1.6293D-58
Ti47   22   47  2.2943D-07  1.5959D+00  1.0328D-05  1.0217D-05  Ca47:  4.3482D-09  Sc47:  1.0709D-07  V47 :  6.5955D-11
Ti48   22   48  2.3217D-06  2.7232D+00  1.7834D-04  5.8469D-05  Sc48:  2.5274D-08  V48 :  1.8954D-07  Cr48:  1.1966D-04
Ti49   22   49  1.7393D-07  4.1624D+00  2.0421D-05  9.0948D-06  Ca49:  8.4409D-16  Sc49:  1.4183D-11  V49 :  1.1306D-05  Cr49:  2.0221D-08
Ti50   22   50  1.6993D-07  3.1858D+00  1.5271D-05  1.5271D-05
V50    23   50  7.8323D-10  1.2522D+01  2.7664D-07  2.7664D-07
V51    23   51  3.1876D-07  4.3783D+00  3.9367D-05  8.8553D-06  Ti51:  4.2705D-14  Cr51:  3.0437D-05  Mn51:  7.4000D-08
Cr50   24   50  6.9813D-07  9.5266D+00  1.8760D-04  1.8760D-04  Mn50:  1.0841D-59
Cr52   24   52  1.4001D-05  6.0324D+00  2.3824D-03  3.9681D-04  V52 :  2.3543D-14  Mn52:  5.0353D-04  Fe52:  1.4821D-03
Cr53   24   53  1.6182D-06  6.0730D+00  2.7720D-04  4.2090D-05  Mn53:  2.3511D-04  Fe53:  3.2335D-13
Cr54   24   54  4.1040D-07  3.7006D+00  4.2839D-05  4.2269D-05  Mn54:  5.6933D-07
Mn55   25   55  1.0898D-05  4.9385D+00  1.5181D-03  2.8107D-04  Cr55:  1.2748D-13  Fe55:  2.7502D-04  Co55:  9.6200D-04
Fe54   26   54  7.3478D-05  6.8321D+00  1.4160D-02  1.4160D-02  Co54:  1.0841D-59
Fe56   26   56  1.1962D-03  3.8304D+00  1.2924D-01  2.9006D-02  Mn56:  9.7790D-08  Co56:  5.9674D-06  Ni56:  1.0023D-01
Fe57   26   57  2.8118D-05  4.6887D+00  3.7188D-03  1.4263D-03  Mn57:  1.8378D-17  Co57:  1.3962D-04  Ni57:  2.1529D-03  Cu57:  1.0841D-59
Fe58   26   58  3.8076D-06  2.0172D+01  2.1665D-03  2.1571D-03  Co58:  9.3977D-06
Co59   27   59  4.2445D-06  8.8555D+00  1.0602D-03  9.2100D-04  Fe59:  2.0601D-05  Ni59:  1.1864D-04  Cu59:  4.8300D-18
Ni58   28   58  4.8240D-05  3.4501D+00  4.6946D-03  4.6946D-03  Cu58:  1.6579D-35
Ni60   28   60  1.9223D-05  3.4722D+00  1.8827D-03  1.8572D-03  Fe60:  9.4198D-06  Co60:  1.6017D-05  Cu60:  1.7082D-08  Zn60:  3.6342D-24
Ni61   28   61  8.4952D-07  1.1507D+01  2.7574D-04  2.5960D-04  Fe61:  2.4736D-14  Co61:  6.2987D-07  Cu61:  1.5510D-05  Zn61:  2.6356D-23
Ni62   28   62  2.7531D-06  1.2056D+01  9.3621D-04  7.0687D-04  Cu62:  1.8674D-07  Zn62:  2.2915D-04  Ga62:  1.0841D-59
Ni64   28   64  7.2374D-07  4.9499D+00  1.0105D-04  1.0105D-04
Cu63   29   63  4.9686D-07  8.7175D+00  1.2218D-04  5.6226D-05  Ni63:  6.5951D-05  Zn63:  3.0206D-10  Ga63:  1.2338D-31
Cu65   29   65  2.2849D-07  9.8542D+00  6.3511D-05  5.9366D-05  Ni65:  3.7993D-08  Zn65:  4.1073D-06  Ga65:  4.3918D-14  Ge65:  4.5853D-35
Zn64   30   64  8.3188D-07  2.6867D+00  6.3045D-05  6.0574D-05  Cu64:  2.4709D-06  Ga64:  5.0736D-27  Ge64:  5.3964D-34
Zn66   30   66  4.9218D-07  4.9060D+00  6.8111D-05  6.5604D-05  Cu66:  1.7013D-12  Ga66:  2.0962D-06  Ge66:  4.1063D-07
Zn67   30   67  7.3424D-08  5.8973D+00  1.2214D-05  1.2154D-05  Ga67:  5.9679D-08  Ge67:  7.2510D-16
Zn68   30   68  3.4079D-07  4.4932D+00  4.3193D-05  4.3157D-05  Ga68:  3.4900D-10  Ge68:  3.5262D-08
Zn70   30   70  1.1600D-08  2.5535D+00  8.3554D-07  8.3554D-07
Ga69   31   69  3.3478D-08  6.6780D+00  6.3062D-06  6.2959D-06  Zn69:  1.8958D-09  Ge69:  8.4625D-09
Ga71   31   71  2.2862D-08  6.4515D+00  4.1605D-06  3.9933D-06  Zn71:  5.0355D-17  Ge71:  1.6705D-07  As71:  1.6778D-10
Ge70   32   70  4.7971D-08  5.3896D+00  7.2928D-06  7.2928D-06  Ga70:  3.8469D-12
Ge72   32   72  6.5204D-08  3.0779D+00  5.6610D-06  5.5915D-06  Ga72:  6.8952D-08  As72:  5.1017D-10
Ge73   32   73  1.8556D-08  3.0970D+00  1.6210D-06  1.5924D-06  As73:  2.8569D-08
Ge74   32   74  8.8283D-08  2.1736D+00  5.4128D-06  5.4064D-06  As74:  6.3949D-09
Ge76   32   76  1.9019D-08  1.0905D+00  5.8502D-07  5.8502D-07
As75   33   75  1.1016D-08  3.1600D+00  9.8194D-07  9.6661D-07  Ge75:  8.9471D-10  Se75:  1.4433D-08  Br75:  1.1857D-14
Se74   34   74  1.0607D-09  4.4920D+00  1.3440D-07  1.3440D-07
Se76   34   76  1.1469D-08  3.5867D+00  1.1603D-06  1.1408D-06  As76:  1.9577D-08  Br76:  1.3570D-11
Se77   34   77  9.4622D-09  2.4891D+00  6.6436D-07  5.5210D-07  Ge77:  9.0937D-10  As77:  1.1089D-07  Br77:  4.6257D-10
Se78   34   78  2.9861D-08  1.8730D+00  1.5776D-06  1.5776D-06  Br78:  8.3831D-18
Se80   34   80  6.3920D-08  1.2112D+00  2.1838D-06  2.1838D-06
Se82   34   82  1.1529D-08  1.1023D+00  3.5849D-07  3.5849D-07
Br79   35   79  1.0222D-08  1.9118D+00  5.5124D-07  3.6111D-07  Se79:  1.8983D-07  Kr79:  3.0003D-10  Rb79:  1.2391D-19
Br81   35   81  1.0195D-08  1.6029D+00  4.6097D-07  4.0427D-07  Se81:  1.1867D-13  Kr81:  5.6692D-08  Rb81:  3.2424D-13
Kr78   36   78  3.6964D-10  1.0381D+00  1.0824D-08  1.0824D-08
Kr80   36   80  2.4360D-09  3.9571D+00  2.7191D-07  2.7191D-07  Br80:  4.5390D-13  Rb80:  2.9166D-22
Kr82   36   82  1.2511D-08  2.4201D+00  8.5407D-07  8.4827D-07  Br82:  5.8006D-09  Rb82:  7.3606D-13
Kr83   36   83  1.2546D-08  1.5518D+00  5.4915D-07  5.4173D-07  Se83:  2.4574D-15  Br83:  6.9400D-09  Rb83:  4.7884D-10
Kr84   36   84  6.2574D-08  1.4093D+00  2.4875D-06  2.4875D-06  Rb84:  5.4380D-11
Kr86   36   86  1.9374D-08  1.4208D+00  7.7642D-07  7.7642D-07
Rb85   37   85  1.4679D-08  1.5526D+00  6.4286D-07  4.6281D-07  Kr85:  1.7965D-07  Sr85:  4.0215D-10  Y85 :  6.7403D-16
Rb87   37   87  6.1834D-09  1.8101D+00  3.1571D-07  3.1571D-07  Kr87:  1.4240D-12
Sr84   38   84  2.5579D-10  1.1594D+00  8.3656D-09  8.3656D-09
Sr86   38   86  4.6312D-09  4.0913D+00  5.3446D-07  5.1892D-07  Rb86:  1.5540D-08  Y86 :  3.1998D-14
Sr87   38   87  3.2742D-09  3.6751D+00  3.3942D-07  3.3940D-07  Y87 :  1.3859D-11
Sr88   38   88  3.9706D-08  2.4189D+00  2.7092D-06  2.7091D-06  Rb88:  6.3393D-15  Y88 :  5.5956D-11
Y89    39   89  1.0626D-08  1.9508D+00  5.8470D-07  5.7551D-07  Sr89:  9.1940D-09
Zr90   40   90  1.2960D-08  1.3322D+00  4.8700D-07  4.7677D-07  Sr90:  7.3205D-09  Y90 :  2.9138D-09
Zr91   40   91  2.8577D-09  1.5017D+00  1.2105D-07  1.1345D-07  Sr91:  7.5611D-12  Y91 :  7.4388D-09  Nb91:  1.5463D-10
Zr92   40   92  4.4160D-09  1.3498D+00  1.6813D-07  1.6811D-07  Nb92:  1.8601D-11
Zr94   40   94  4.5725D-09  1.1551D+00  1.4898D-07  1.4898D-07
Zr96   40   96  7.5233D-10  2.1171D-01  4.4926D-09  4.4926D-09
Nb93   41   93  1.9745D-09  1.1935D+00  6.6473D-08  4.0356D-08  Zr93:  2.5722D-08  Mo93:  3.9507D-10
Mo92   42   92  7.4625D-10  9.3258D-01  1.9631D-08  1.9631D-08
Mo94   42   94  4.8037D-10  1.2699D+00  1.7207D-08  1.7173D-08  Nb94:  3.3259D-11
Mo95   42   95  8.4024D-10  1.0687D+00  2.5330D-08  2.3669D-08  Zr95:  1.2302D-09  Nb95:  4.3068D-10
Mo96   42   96  8.9379D-10  2.0243D+00  5.1036D-08  5.1017D-08  Nb96:  1.8550D-11
Mo97   42   97  5.1997D-10  3.8283D+00  5.6150D-08  5.6148D-08  Zr97:  7.0437D-13  Nb97:  1.1682D-12
Mo98   42   98  1.3349D-09  2.9519D+00  1.1115D-07  1.1115D-07
