nome    Z    A   solar       PF          YieldTot 
H       1    1  7.2155D-01  5.2507D-01  1.4367D+01  1.4367D+01
H2      1    2  2.9439D-05  2.8200D-13  3.1482D-16  3.1482D-16
He3     2    3  3.1196D-05  6.1056D-01  7.2228D-04  7.2228D-04  H3  :  1.3011D-30
He4     2    4  2.6500D-01  1.3495D+00  1.3562D+01  1.3562D+01
Li6     3    6  5.9602D-10  7.6662D-06  1.7327D-13  1.7327D-13
Li7     3    7  8.4661D-09  1.0147D-02  3.2577D-09  3.2370D-09  Be7 :  2.0694D-11
Be9     4    9  1.5889D-10  1.9443D-02  1.1715D-10  1.1715D-10
B10     5   10  7.3404D-10  3.1003D-02  8.6297D-10  8.6297D-10  Be10:  1.3907D-59
B11     5   11  3.2501D-09  1.3572D-01  1.6727D-08  1.6727D-08
C12     6   12  2.3514D-03  1.3562D+01  1.2093D+00  1.2093D+00
C13     6   13  2.8494D-05  1.7243D+00  1.8632D-03  1.8632D-03  N13 :  8.2629D-13
N14     7   14  6.9520D-04  3.7820D+00  9.9704D-02  9.9702D-02  C14 :  1.7562D-06
N15     7   15  1.7096D-06  2.9403D-01  1.9062D-05  1.9062D-05  O15 :  6.9797D-14
O16     8   16  5.7553D-03  2.7529D+01  6.0080D+00  6.0080D+00  N16 :  2.2726D-29
O17     8   17  2.3231D-06  7.2175D-01  6.3582D-05  6.3582D-05  F17 :  2.8943D-17
O18     8   18  1.2980D-05  6.1640D-01  3.0340D-04  3.0334D-04  F18 :  6.3425D-08
F19     9   19  5.0785D-07  9.8001D-01  1.8873D-05  1.8873D-05  O19 :  2.3810D-24
Ne20   10   20  1.1647D-03  3.1359D+01  1.3850D+00  1.3850D+00  F20 :  3.5271D-25
Ne21   10   21  2.9317D-06  2.9786D+01  3.3114D-03  3.3114D-03  Na21:  3.0151D-19
Ne22   10   22  9.4207D-05  1.6668D+01  5.9545D-02  5.9526D-02  Na22:  1.9109D-05
Na23   11   23  2.9424D-05  3.2736D+01  3.6527D-02  3.6527D-02  Ne23:  5.3979D-20  Mg23:  4.0444D-15
Mg24   12   24  5.5560D-04  9.5799D+00  2.0184D-01  2.0182D-01  Na24:  1.7495D-05
Mg25   12   25  7.3269D-05  1.1815D+01  3.2827D-02  3.2827D-02  Al25:  1.6317D-20
Mg26   12   26  8.3896D-05  1.7334D+01  5.5146D-02  5.4975D-02  Al26:  1.6090D-04  Alg6:  1.0452D-05  Alm6:  1.4462D-17
Al27   13   27  5.6020D-05  2.3508D+01  4.9939D-02  4.9939D-02  Mg27:  5.7869D-15  Si27:  1.3134D-16
Si28   14   28  6.1519D-04  1.6615D+01  3.8761D-01  3.8761D-01  Al28:  5.9628D-12
Si29   14   29  3.2353D-05  7.3297D+00  8.9925D-03  8.9925D-03  P29 :  1.4398D-24
Si30   14   30  2.2063D-05  1.3768D+01  1.1519D-02  1.1519D-02  P30 :  4.7300D-11
P31    15   31  5.8660D-06  1.0824D+01  2.4076D-03  2.4070D-03  Si31:  6.3769D-07  S31 :  8.4696D-21
S32    16   32  2.9480D-04  1.3783D+01  1.5409D-01  1.5408D-01  Si32:  1.0634D-07  P32 :  9.3353D-06
S33    16   33  2.4339D-06  1.0269D+01  9.4781D-04  9.4452D-04  P33 :  3.2918D-06  Cl33:  3.7953D-28
S34    16   34  1.4155D-05  1.0168D+01  5.4578D-03  5.4578D-03  P34 :  2.3070D-20  Cl34:  9.5370D-27
S36    16   36  6.9873D-08  4.5942D+00  1.2173D-05  1.2173D-05
Cl35   17   35  6.1745D-06  2.4407D+00  5.7147D-04  5.6616D-04  S35 :  5.3146D-06
Cl37   17   37  2.0862D-06  4.2914D+00  3.3949D-04  2.9623D-04  S37 :  1.2546D-22  Ar37:  4.3264D-05  K37 :  4.2607D-38
Ar36   18   36  5.6315D-05  1.1835D+01  2.5275D-02  2.5266D-02  Cl36:  9.1008D-06
Ar38   18   38  1.0808D-05  6.3554D+00  2.6047D-03  2.6047D-03  Cl38:  4.3372D-11  K38 :  1.2126D-13
Ar40   18   40  1.8196D-08  3.0241D+00  2.0866D-06  2.0866D-06
K39    19   39  2.8651D-06  2.4199D+00  2.6292D-04  2.5681D-04  Ar39:  6.1053D-06
K40    19   40  4.6383D-09  3.5710D+01  6.2809D-06  6.2809D-06
K41    19   41  2.1737D-07  7.1408D+00  5.8861D-05  1.6895D-05  Ar41:  4.7491D-10  Ca41:  4.1965D-05  Sc41:  7.1306D-54
Ca40   20   40  6.2452D-05  8.9292D+00  2.1146D-02  2.1146D-02
Ca42   20   42  4.3765D-07  1.0252D+01  1.7015D-04  1.6992D-04  K42 :  2.2539D-07  Sc42:  2.6237D-49
Ca43   20   43  9.3493D-08  1.0892D+01  3.8615D-05  3.8593D-05  Sc43:  2.1777D-08
Ca44   20   44  1.4782D-06  2.3999D+00  1.3453D-04  1.2532D-04  Sc44:  3.3335D-08  Ti44:  9.1741D-06
Ca46   20   46  2.9634D-09  1.1160D+01  1.2541D-06  1.2541D-06
Ca48   20   48  1.4456D-07  9.2849D-01  5.0900D-06  5.0900D-06
Sc45   21   45  4.6794D-08  9.7274D+00  1.7261D-05  1.1960D-05  Ca45:  5.2408D-06  Ti45:  6.0280D-08  V45 :  9.8344D-57
Ti46   22   46  2.4899D-07  5.6652D+00  5.3491D-05  5.1907D-05  Sc46:  1.5842D-06  V46 :  1.3987D-59
Ti47   22   47  2.2943D-07  1.7507D+00  1.5232D-05  1.4908D-05  Ca47:  2.2472D-08  Sc47:  3.0119D-07  V47 :  7.5677D-11
Ti48   22   48  2.3217D-06  3.3731D+00  2.9697D-04  7.7315D-05  Sc48:  5.2501D-08  V48 :  2.9248D-07  Cr48:  2.1931D-04
Ti49   22   49  1.7393D-07  5.0444D+00  3.3271D-05  1.3517D-05  Ca49:  2.4836D-21  Sc49:  3.1140D-11  V49 :  1.9713D-05  Cr49:  4.0785D-08
Ti50   22   50  1.6993D-07  3.9121D+00  2.5210D-05  2.5210D-05
V50    23   50  7.8323D-10  1.3597D+01  4.0384D-07  4.0384D-07
V51    23   51  3.1876D-07  5.4009D+00  6.5284D-05  1.1832D-05  Ti51:  2.7195D-18  Cr51:  5.3305D-05  Mn51:  1.4739D-07
Cr50   24   50  6.9813D-07  9.6881D+00  2.5648D-04  2.5648D-04  Mn50:  1.3907D-59
Cr52   24   52  1.4001D-05  8.9454D+00  4.7495D-03  5.0535D-04  V52 :  2.3046D-15  Mn52:  1.0836D-03  Fe52:  3.1605D-03
Cr53   24   53  1.6182D-06  8.4022D+00  5.1558D-04  5.6201D-05  Mn53:  4.5938D-04  Fe53:  7.9099D-13
Cr54   24   54  4.1040D-07  4.3128D+00  6.7118D-05  6.6521D-05  Mn54:  5.9643D-07
Mn55   25   55  1.0898D-05  6.8243D+00  2.8202D-03  3.5501D-04  Cr55:  4.6196D-18  Fe55:  5.0783D-04  Co55:  1.9573D-03
Fe54   26   54  7.3478D-05  7.8749D+00  2.1942D-02  2.1942D-02  Co54:  1.3907D-59
Fe56   26   56  1.1962D-03  3.5198D+00  1.5966D-01  3.7531D-02  Mn56:  9.2820D-08  Co56:  1.0367D-05  Ni56:  1.2212D-01
Fe57   26   57  2.8118D-05  3.7737D+00  4.0238D-03  1.9865D-03  Mn57:  2.0119D-17  Co57:  1.2746D-04  Ni57:  1.9098D-03  Cu57:  1.3907D-59
Fe58   26   58  3.8076D-06  2.3948D+01  3.4578D-03  3.4499D-03  Co58:  7.9073D-06
Co59   27   59  4.2445D-06  1.0024D+01  1.6135D-03  1.3352D-03  Fe59:  1.9722D-04  Ni59:  8.1039D-05  Cu59:  2.7330D-20
Ni58   28   58  4.8240D-05  2.6402D+00  4.8296D-03  4.8296D-03  Cu58:  3.3706D-35
Ni60   28   60  1.9223D-05  2.2997D+00  1.6764D-03  1.5817D-03  Fe60:  4.7698D-05  Co60:  4.6953D-05  Cu60:  3.6558D-09  Zn60:  7.6001D-23
Ni61   28   61  8.4952D-07  1.3427D+01  4.3254D-04  4.2967D-04  Fe61:  2.0648D-22  Co61:  9.0944D-07  Cu61:  1.9648D-06  Zn61:  3.7001D-22
Ni62   28   62  2.7531D-06  1.2627D+01  1.3183D-03  1.2814D-03  Cu62:  3.3058D-08  Zn62:  3.6784D-05  Ga62:  1.3907D-59
Ni64   28   64  7.2374D-07  6.9859D+00  1.9173D-04  1.9173D-04
Cu63   29   63  4.9686D-07  1.2868D+01  2.4245D-04  7.4767D-05  Ni63:  1.6768D-04  Zn63:  3.9317D-11  Ga63:  2.1214D-30
Cu65   29   65  2.2849D-07  1.4053D+01  1.2176D-04  1.0882D-04  Ni65:  7.4789D-08  Zn65:  1.2861D-05  Ga65:  2.6794D-15  Ge65:  1.4695D-33
Zn64   30   64  8.3188D-07  3.0191D+00  9.5241D-05  9.0318D-05  Cu64:  4.9233D-06  Ga64:  1.0233D-25  Ge64:  2.7559D-32
Zn66   30   66  4.9218D-07  6.7970D+00  1.2686D-04  1.2678D-04  Cu66:  4.3792D-17  Ga66:  6.2676D-08  Ge66:  1.2383D-08
Zn67   30   67  7.3424D-08  1.0678D+01  2.9730D-05  2.9644D-05  Ga67:  8.6617D-08  Ge67:  5.3894D-17
Zn68   30   68  3.4079D-07  7.0821D+00  9.1523D-05  9.1490D-05  Ga68:  5.3565D-10  Ge68:  3.2810D-08
Zn70   30   70  1.1600D-08  3.7098D+00  1.6319D-06  1.6319D-06
Ga69   31   69  3.3478D-08  1.0130D+01  1.2860D-05  1.2844D-05  Zn69:  5.8131D-09  Ge69:  9.9465D-09
Ga71   31   71  2.2862D-08  8.6236D+00  7.4763D-06  5.3377D-06  Zn71:  6.4964D-23  Ge71:  2.1382D-06  As71:  4.5405D-10
Ge70   32   70  4.7971D-08  7.9488D+00  1.4459D-05  1.4459D-05  Ga70:  2.0898D-12
Ge72   32   72  6.5204D-08  4.6423D+00  1.1479D-05  1.1231D-05  Ga72:  2.4691D-07  As72:  7.7473D-10
Ge73   32   73  1.8556D-08  5.3618D+00  3.7729D-06  3.7320D-06  As73:  4.0907D-08
Ge74   32   74  8.8283D-08  3.0338D+00  1.0157D-05  1.0147D-05  As74:  9.8667D-09
Ge76   32   76  1.9019D-08  1.3003D+00  9.3780D-07  9.3780D-07
As75   33   75  1.1016D-08  4.3368D+00  1.8117D-06  1.7856D-06  Ge75:  3.1135D-09  Se75:  2.2999D-08  Br75:  2.4695D-14
Se74   34   74  1.0607D-09  4.1719D+00  1.6781D-07  1.6781D-07
Se76   34   76  1.1469D-08  4.8447D+00  2.1071D-06  1.8582D-06  As76:  2.4886D-07  Br76:  2.1621D-11
Se77   34   77  9.4622D-09  3.9921D+00  1.4324D-06  1.1076D-06  Ge77:  2.8222D-09  As77:  3.2102D-07  Br77:  9.8359D-10
Se78   34   78  2.9861D-08  2.5029D+00  2.8341D-06  2.8341D-06  Br78:  2.5022D-17
Se80   34   80  6.3920D-08  1.4801D+00  3.5877D-06  3.5877D-06
Se82   34   82  1.1529D-08  1.2021D+00  5.2558D-07  5.2558D-07
Br79   35   79  1.0222D-08  3.0935D+00  1.1991D-06  3.4922D-07  Se79:  8.4955D-07  Kr79:  3.4718D-10  Rb79:  6.0378D-19
Br81   35   81  1.0195D-08  1.8348D+00  7.0935D-07  6.3273D-07  Se81:  1.8519D-15  Kr81:  7.6625D-08  Rb81:  5.6977D-13
Kr78   36   78  3.6964D-10  9.7598D-01  1.3681D-08  1.3681D-08
Kr80   36   80  2.4360D-09  3.5240D+00  3.2553D-07  3.2553D-07  Br80:  2.3369D-14  Rb80:  1.4454D-21
Kr82   36   82  1.2511D-08  2.8746D+00  1.3639D-06  1.3259D-06  Br82:  3.7922D-08  Rb82:  1.0965D-12
Kr83   36   83  1.2546D-08  1.8884D+00  8.9838D-07  8.8853D-07  Se83:  4.7504D-15  Br83:  9.3432D-09  Rb83:  5.0255D-10
Kr84   36   84  6.2574D-08  1.6715D+00  3.9662D-06  3.9662D-06  Rb84:  6.4122D-11
Kr86   36   86  1.9374D-08  1.4882D+00  1.0933D-06  1.0933D-06
Rb85   37   85  1.4679D-08  1.8630D+00  1.0370D-06  6.2853D-07  Kr85:  4.0778D-07  Sr85:  7.1297D-10  Y85 :  2.9013D-15
Rb87   37   87  6.1834D-09  2.5303D+00  5.9331D-07  5.9330D-07  Kr87:  7.4100D-12
Sr84   38   84  2.5579D-10  1.4246D+00  1.3818D-08  1.3818D-08
Sr86   38   86  4.6312D-09  4.8261D+00  8.4755D-07  7.5597D-07  Rb86:  9.1580D-08  Y86 :  3.6507D-14
Sr87   38   87  3.2742D-09  4.4822D+00  5.5651D-07  5.5649D-07  Y87 :  2.1545D-11
Sr88   38   88  3.9706D-08  3.0198D+00  4.5469D-06  4.5468D-06  Rb88:  8.0538D-16  Y88 :  6.2593D-11
Y89    39   89  1.0626D-08  2.4406D+00  9.8344D-07  8.1355D-07  Sr89:  1.6989D-07
Zr90   40   90  1.2960D-08  1.4790D+00  7.2684D-07  6.7770D-07  Sr90:  3.6375D-08  Y90 :  1.2769D-08
Zr91   40   91  2.8577D-09  2.0120D+00  2.1804D-07  1.7885D-07  Sr91:  3.0643D-10  Y91 :  3.8707D-08  Nb91:  1.7011D-10
Zr92   40   92  4.4160D-09  1.5105D+00  2.5294D-07  2.5292D-07  Nb92:  2.4755D-11
Zr94   40   94  4.5725D-09  1.2642D+00  2.1921D-07  2.1921D-07
Zr96   40   96  7.5233D-10  6.6254D-01  1.8902D-08  1.8902D-08
Nb93   41   93  1.9745D-09  1.3885D+00  1.0397D-07  5.1670D-08  Zr93:  5.1814D-08  Mo93:  4.8170D-10
Mo92   42   92  7.4625D-10  8.4859D-01  2.4014D-08  2.4014D-08
Mo94   42   94  4.8037D-10  1.1508D+00  2.0963D-08  2.0720D-08  Nb94:  2.4259D-10
Mo95   42   95  8.4024D-10  1.4573D+00  4.6434D-08  2.6139D-08  Zr95:  1.9606D-08  Nb95:  6.8935D-10
Mo96   42   96  8.9379D-10  1.8301D+00  6.2029D-08  6.1834D-08  Nb96:  1.9446D-10
Mo97   42   97  5.1997D-10  4.1397D+00  8.1625D-08  8.1540D-08  Zr97:  7.7271D-11  Nb97:  8.0604D-12
Mo98   42   98  1.3349D-09  3.8830D+00  1.9655D-07  1.9655D-07
