nome    Z    A   solar       PF          YieldTot 
H       1    1  7.2155D-01  4.9009D-01  2.0436D+01  2.0436D+01
H2      1    2  2.9439D-05  2.3399D-13  3.9809D-16  3.9809D-16
He3     2    3  3.1196D-05  6.2422D-01  1.1253D-03  1.1253D-03  H3  :  4.2532D-30
He4     2    4  2.6500D-01  1.4773D+00  2.2624D+01  2.2624D+01
Li6     3    6  5.9602D-10  4.2819D-07  1.4748D-14  1.4748D-14
Li7     3    7  8.4661D-09  8.8437D-03  4.3268D-09  4.3115D-09  Be7 :  1.5203D-11
Be9     4    9  1.5889D-10  1.8038D-02  1.6564D-10  1.6564D-10
B10     5   10  7.3404D-10  2.8464D-02  1.2074D-09  1.2074D-09  Be10:  1.4592D-59
B11     5   11  3.2501D-09  1.5724D-01  2.9533D-08  2.9533D-08
C12     6   12  2.3514D-03  2.3767D+01  3.2295D+00  3.2295D+00
C13     6   13  2.8494D-05  1.0166D+00  1.6739D-03  1.6739D-03  N13 :  2.6335D-12
N14     7   14  6.9520D-04  5.1878D+00  2.0842D-01  2.0840D-01  C14 :  2.5134D-05
N15     7   15  1.7096D-06  2.5016D-01  2.4716D-05  2.4716D-05  O15 :  5.7271D-15
O16     8   16  5.7553D-03  2.4769D+01  8.2379D+00  8.2379D+00  N16 :  4.0884D-33
O17     8   17  2.3231D-06  1.0684D+00  1.4343D-04  1.4343D-04  F17 :  1.1335D-18
O18     8   18  1.2980D-05  3.1139D-01  2.3358D-04  2.3346D-04  F18 :  1.1829D-07
F19     9   19  5.0785D-07  5.0393D-01  1.4789D-05  1.4789D-05  O19 :  4.1652D-25
Ne20   10   20  1.1647D-03  2.1261D+01  1.4311D+00  1.4311D+00  F20 :  5.4153D-27
Ne21   10   21  2.9317D-06  2.9857D+01  5.0584D-03  5.0584D-03  Na21:  1.0583D-17
Ne22   10   22  9.4207D-05  9.7371D+00  5.3010D-02  5.2989D-02  Na22:  2.1595D-05
Na23   11   23  2.9424D-05  2.4689D+01  4.1981D-02  4.1981D-02  Ne23:  1.0544D-18  Mg23:  2.0893D-15
Mg24   12   24  5.5560D-04  7.4088D+00  2.3788D-01  2.3785D-01  Na24:  2.4016D-05
Mg25   12   25  7.3269D-05  1.0801D+01  4.5734D-02  4.5734D-02  Al25:  7.6012D-19
Mg26   12   26  8.3896D-05  1.6830D+01  8.1594D-02  8.1290D-02  Al26:  2.5196D-04  Alg6:  5.2347D-05  Alm6:  5.0542D-14
Al27   13   27  5.6020D-05  1.7232D+01  5.5786D-02  5.5786D-02  Mg27:  1.7100D-14  Si27:  2.4013D-17
Si28   14   28  6.1519D-04  1.4320D+01  5.0908D-01  5.0908D-01  Al28:  1.7018D-11
Si29   14   29  3.2353D-05  6.5808D+00  1.2304D-02  1.2304D-02  P29 :  4.5947D-23
Si30   14   30  2.2063D-05  1.3348D+01  1.7019D-02  1.7019D-02  P30 :  4.8262D-11
P31    15   31  5.8660D-06  9.4296D+00  3.1965D-03  3.1956D-03  Si31:  8.9170D-07  S31 :  7.0663D-22
S32    16   32  2.9480D-04  1.1775D+01  2.0061D-01  2.0060D-01  Si32:  1.5648D-07  P32 :  1.5447D-05
S33    16   33  2.4339D-06  1.0007D+01  1.4076D-03  1.4017D-03  P33 :  5.9190D-06  Cl33:  9.0770D-26
S34    16   34  1.4155D-05  8.6980D+00  7.1151D-03  7.1151D-03  P34 :  2.6233D-20  Cl34:  1.1840D-28
S36    16   36  6.9873D-08  3.7175D+00  1.5011D-05  1.5011D-05
Cl35   17   35  6.1745D-06  2.0113D+00  7.1768D-04  7.1025D-04  S35 :  7.4283D-06
Cl37   17   37  2.0862D-06  4.2239D+00  5.0923D-04  4.1328D-04  S37 :  2.1397D-21  Ar37:  9.5948D-05  K37 :  4.3072D-35
Ar36   18   36  5.6315D-05  1.0082D+01  3.2809D-02  3.2793D-02  Cl36:  1.6413D-05
Ar38   18   38  1.0808D-05  5.3679D+00  3.3527D-03  3.3527D-03  Cl38:  8.5615D-11  K38 :  9.6971D-14
Ar40   18   40  1.8196D-08  4.7238D+00  4.9672D-06  4.9672D-06
K39    19   39  2.8651D-06  2.1441D+00  3.5501D-04  3.4037D-04  Ar39:  1.4644D-05
K40    19   40  4.6383D-09  3.3520D+01  8.9847D-06  8.9847D-06
K41    19   41  2.1737D-07  7.7959D+00  9.7929D-05  2.4685D-05  Ar41:  7.8728D-10  Ca41:  7.3242D-05  Sc41:  6.4638D-52
Ca40   20   40  6.2452D-05  7.5731D+00  2.7332D-02  2.7332D-02
Ca42   20   42  4.3765D-07  9.9272D+00  2.5108D-04  2.5071D-04  K42 :  3.6703D-07  Sc42:  7.2233D-49
Ca43   20   43  9.3493D-08  1.0692D+01  5.7769D-05  5.7741D-05  Sc43:  2.7675D-08
Ca44   20   44  1.4782D-06  2.3191D+00  1.9812D-04  1.8699D-04  Sc44:  4.2769D-08  Ti44:  1.1086D-05
Ca46   20   46  2.9634D-09  2.1266D+01  3.6419D-06  3.6419D-06
Ca48   20   48  1.4456D-07  9.3615D-01  7.8208D-06  7.8208D-06
Sc45   21   45  4.6794D-08  9.9479D+00  2.6901D-05  1.4481D-05  Ca45:  1.2342D-05  Ti45:  7.8017D-08  V45 :  1.5093D-59
Ti46   22   46  2.4899D-07  4.9937D+00  7.1855D-05  6.9340D-05  Sc46:  2.5155D-06  V46 :  1.4592D-59
Ti47   22   47  2.2943D-07  1.6960D+00  2.2487D-05  2.1718D-05  Ca47:  9.6378D-08  Sc47:  6.7220D-07  V47 :  9.5955D-11
Ti48   22   48  2.3217D-06  2.8060D+00  3.7648D-04  1.1822D-04  Sc48:  9.8755D-08  V48 :  3.7513D-07  Cr48:  2.5779D-04
Ti49   22   49  1.7393D-07  4.4231D+00  4.4458D-05  2.0024D-05  Ca49:  4.4373D-20  Sc49:  6.4647D-11  V49 :  2.4382D-05  Cr49:  5.1499D-08
Ti50   22   50  1.6993D-07  3.8873D+00  3.8174D-05  3.8174D-05
V50    23   50  7.8323D-10  1.2448D+01  5.6344D-07  5.6344D-07
V51    23   51  3.1876D-07  4.5662D+00  8.4113D-05  1.7890D-05  Ti51:  9.4977D-18  Cr51:  6.6036D-05  Mn51:  1.8753D-07
Cr50   24   50  6.9813D-07  8.5010D+00  3.4297D-04  3.4297D-04  Mn50:  1.4592D-59
Cr52   24   52  1.4001D-05  7.0865D+00  5.7339D-03  7.6456D-04  V52 :  4.8008D-15  Mn52:  1.2675D-03  Fe52:  3.7018D-03
Cr53   24   53  1.6182D-06  6.8516D+00  6.4071D-04  8.6237D-05  Mn53:  5.5448D-04  Fe53:  6.9192D-13
Cr54   24   54  4.1040D-07  4.3093D+00  1.0220D-04  1.0136D-04  Mn54:  8.4242D-07
Mn55   25   55  1.0898D-05  5.5323D+00  3.4841D-03  5.2823D-04  Cr55:  1.6789D-17  Fe55:  6.0646D-04  Co55:  2.3494D-03
Fe54   26   54  7.3478D-05  6.9020D+00  2.9308D-02  2.9308D-02  Co54:  1.4592D-59
Fe56   26   56  1.1962D-03  2.4347D+00  1.6830D-01  5.7515D-02  Mn56:  1.3824D-07  Co56:  1.2147D-05  Ni56:  1.1078D-01
Fe57   26   57  2.8118D-05  2.7185D+00  4.4174D-03  2.9880D-03  Mn57:  4.5637D-17  Co57:  1.0259D-04  Ni57:  1.3267D-03  Cu57:  1.4592D-59
Fe58   26   58  3.8076D-06  2.4772D+01  5.4508D-03  5.4397D-03  Co58:  1.1106D-05
Co59   27   59  4.2445D-06  9.5684D+00  2.3470D-03  1.6093D-03  Fe59:  6.7181D-04  Ni59:  6.5921D-05  Cu59:  1.0992D-20
Ni58   28   58  4.8240D-05  1.4925D+00  4.1608D-03  4.1608D-03  Cu58:  6.7240D-37
Ni60   28   60  1.9223D-05  2.1293D+00  2.3654D-03  1.9838D-03  Fe60:  2.7530D-04  Co60:  1.0631D-04  Cu60:  3.8696D-14  Zn60:  1.6920D-23
Ni61   28   61  8.4952D-07  1.2105D+01  5.9427D-04  5.9275D-04  Fe61:  1.7910D-20  Co61:  1.4991D-06  Cu61:  1.6521D-08  Zn61:  1.1543D-22
Ni62   28   62  2.7531D-06  1.1676D+01  1.8577D-03  1.8577D-03  Cu62:  1.7522D-12  Zn62:  2.0444D-09  Ga62:  1.4592D-59
Ni64   28   64  7.2374D-07  7.3060D+00  3.0557D-04  3.0557D-04
Cu63   29   63  4.9686D-07  1.2710D+01  3.6495D-04  9.1494D-05  Ni63:  2.7346D-04  Zn63:  5.7398D-12  Ga63:  4.7999D-31
Cu65   29   65  2.2849D-07  1.2426D+01  1.6408D-04  1.4757D-04  Ni65:  1.4583D-07  Zn65:  1.6360D-05  Ga65:  2.4474D-16  Ge65:  1.8059D-34
Zn64   30   64  8.3188D-07  2.5648D+00  1.2330D-04  1.1598D-04  Cu64:  7.3195D-06  Ga64:  3.7211D-26  Ge64:  4.2347D-33
Zn66   30   66  4.9218D-07  6.0692D+00  1.7262D-04  1.7262D-04  Cu66:  1.7082D-16  Ga66:  1.2977D-09  Ge66:  7.7617D-14
Zn67   30   67  7.3424D-08  9.2437D+00  3.9222D-05  3.9126D-05  Ga67:  9.6108D-08  Ge67:  1.0908D-17
Zn68   30   68  3.4079D-07  6.5639D+00  1.2927D-04  1.2922D-04  Ga68:  6.6172D-10  Ge68:  4.4996D-08
Zn70   30   70  1.1600D-08  4.6354D+00  3.1074D-06  3.1074D-06
Ga69   31   69  3.3478D-08  9.2876D+00  1.7968D-05  1.7945D-05  Zn69:  1.0991D-08  Ge69:  1.2120D-08
Ga71   31   71  2.2862D-08  7.6692D+00  1.0133D-05  6.9109D-06  Zn71:  1.1911D-21  Ge71:  3.2212D-06  As71:  4.4468D-10
Ge70   32   70  4.7971D-08  7.1628D+00  1.9856D-05  1.9856D-05  Ga70:  3.1879D-12
Ge72   32   72  6.5204D-08  4.4783D+00  1.6875D-05  1.6520D-05  Ga72:  3.5396D-07  As72:  9.2632D-10
Ge73   32   73  1.8556D-08  4.9464D+00  5.3042D-06  5.2589D-06  As73:  4.5242D-08
Ge74   32   74  8.8283D-08  2.9654D+00  1.5129D-05  1.5118D-05  As74:  1.0990D-08
Ge76   32   76  1.9019D-08  1.4421D+00  1.5849D-06  1.5849D-06
As75   33   75  1.1016D-08  4.1646D+00  2.6513D-06  2.6231D-06  Ge75:  5.6576D-09  Se75:  2.2486D-08  Br75:  1.3947D-14
Se74   34   74  1.0607D-09  3.7243D+00  2.2829D-07  2.2829D-07
Se76   34   76  1.1469D-08  4.5713D+00  3.0298D-06  2.6506D-06  As76:  3.7923D-07  Br76:  1.9060D-11
Se77   34   77  9.4622D-09  4.0405D+00  2.2094D-06  1.5617D-06  Ge77:  7.7527D-09  As77:  6.3918D-07  Br77:  7.2638D-10
Se78   34   78  2.9861D-08  2.4017D+00  4.1444D-06  4.1444D-06  Br78:  2.6856D-17
Se80   34   80  6.3920D-08  1.5473D+00  5.7157D-06  5.7157D-06
Se82   34   82  1.1529D-08  1.2227D+00  8.1464D-07  8.1464D-07
Br79   35   79  1.0222D-08  2.9014D+00  1.7139D-06  5.3384D-07  Se79:  1.1796D-06  Kr79:  4.4125D-10  Rb79:  5.9132D-19
Br81   35   81  1.0195D-08  1.7921D+00  1.0559D-06  9.7690D-07  Se81:  3.9967D-15  Kr81:  7.8985D-08  Rb81:  4.4376D-13
Kr78   36   78  3.6964D-10  9.5586D-01  2.0419D-08  2.0419D-08
Kr80   36   80  2.4360D-09  2.9076D+00  4.0931D-07  4.0931D-07  Br80:  1.1700D-14  Rb80:  1.1026D-21
Kr82   36   82  1.2511D-08  2.7422D+00  1.9827D-06  1.9332D-06  Br82:  4.9443D-08  Rb82:  9.0009D-13
Kr83   36   83  1.2546D-08  1.8257D+00  1.3236D-06  1.3100D-06  Se83:  1.2226D-14  Br83:  1.2972D-08  Rb83:  6.7212D-10
Kr84   36   84  6.2574D-08  1.6249D+00  5.8759D-06  5.8759D-06  Rb84:  6.8135D-11
Kr86   36   86  1.9374D-08  1.7582D+00  1.9685D-06  1.9685D-06
Rb85   37   85  1.4679D-08  1.8981D+00  1.6102D-06  9.4020D-07  Kr85:  6.6926D-07  Sr85:  7.3524D-10  Y85 :  3.0225D-15
Rb87   37   87  6.1834D-09  2.8946D+00  1.0343D-06  1.0343D-06  Kr87:  1.2859D-11
Sr84   38   84  2.5579D-10  1.2633D+00  1.8675D-08  1.8675D-08
Sr86   38   86  4.6312D-09  3.9403D+00  1.0546D-06  9.0610D-07  Rb86:  1.4846D-07  Y86 :  3.5993D-14
Sr87   38   87  3.2742D-09  3.6835D+00  6.9697D-07  6.9695D-07  Y87 :  2.3024D-11
Sr88   38   88  3.9706D-08  2.8109D+00  6.4499D-06  6.4498D-06  Rb88:  2.3199D-15  Y88 :  7.7288D-11
Y89    39   89  1.0626D-08  2.2966D+00  1.4102D-06  1.1110D-06  Sr89:  2.9924D-07
Zr90   40   90  1.2960D-08  1.4422D+00  1.0801D-06  9.8517D-07  Sr90:  7.6159D-08  Y90 :  1.8799D-08
Zr91   40   91  2.8577D-09  1.9655D+00  3.2459D-07  2.5814D-07  Sr91:  4.8967D-10  Y91 :  6.5738D-08  Nb91:  2.2915D-10
Zr92   40   92  4.4160D-09  1.4789D+00  3.7742D-07  3.7739D-07  Nb92:  2.7339D-11
Zr94   40   94  4.5725D-09  1.2748D+00  3.3684D-07  3.3684D-07
Zr96   40   96  7.5233D-10  9.4496D-01  4.1083D-08  4.1083D-08
Nb93   41   93  1.9745D-09  1.3581D+00  1.5496D-07  8.3999D-08  Zr93:  7.0642D-08  Mo93:  3.2068D-10
Mo92   42   92  7.4625D-10  8.8131D-01  3.8007D-08  3.8007D-08
Mo94   42   94  4.8037D-10  9.9807D-01  2.7707D-08  2.7680D-08  Nb94:  2.6386D-11
Mo95   42   95  8.4024D-10  1.4991D+00  7.2789D-08  3.9090D-08  Zr95:  3.2984D-08  Nb95:  7.1558D-10
Mo96   42   96  8.9379D-10  1.7299D+00  8.9355D-08  8.9215D-08  Nb96:  1.3917D-10
Mo97   42   97  5.1997D-10  4.9734D+00  1.4944D-07  1.4931D-07  Zr97:  1.2260D-10  Nb97:  1.1549D-11
Mo98   42   98  1.3349D-09  3.2061D+00  2.4732D-07  2.4732D-07
