nome    Z    A   solar       PF          YieldTot 
H       1    1  7.2155D-01  4.5005D-01  2.5187D+01  2.5187D+01
H2      1    2  2.9439D-05  1.9126D-13  4.3672D-16  4.3672D-16
He3     2    3  3.1196D-05  5.6069D-01  1.3567D-03  1.3567D-03  H3  :  9.3834D-30
He4     2    4  2.6500D-01  1.5194D+00  3.1230D+01  3.1230D+01
Li6     3    6  5.9602D-10  4.1432D-07  1.9154D-14  1.9154D-14
Li7     3    7  8.4661D-09  7.7098D-03  5.0627D-09  5.0399D-09  Be7 :  2.2791D-11
Be9     4    9  1.5889D-10  1.4853D-02  1.8305D-10  1.8305D-10
B10     5   10  7.3404D-10  2.3914D-02  1.3616D-09  1.3616D-09  Be10:  2.0199D-59
B11     5   11  3.2501D-09  1.4543D-01  3.6661D-08  3.6661D-08
C12     6   12  2.3514D-03  2.4802D+01  4.5234D+00  4.5234D+00
C13     6   13  2.8494D-05  7.3956D-01  1.6345D-03  1.6345D-03  N13 :  4.5066D-12
N14     7   14  6.9520D-04  5.3346D+00  2.8765D-01  2.8765D-01  C14 :  2.6905D-06
N15     7   15  1.7096D-06  2.3447D-01  3.1092D-05  3.1092D-05  O15 :  1.0852D-14
O16     8   16  5.7553D-03  2.7696D+01  1.2364D+01  1.2364D+01  N16 :  9.9245D-32
O17     8   17  2.3231D-06  5.3604D-01  9.6588D-05  9.6588D-05  F17 :  2.0107D-18
O18     8   18  1.2980D-05  2.6247D-01  2.6425D-04  2.6414D-04  F18 :  1.1640D-07
F19     9   19  5.0785D-07  4.7406D-01  1.8673D-05  1.8673D-05  O19 :  6.1036D-23
Ne20   10   20  1.1647D-03  1.8527D+01  1.6738D+00  1.6738D+00  F20 :  1.1070D-26
Ne21   10   21  2.9317D-06  3.7605D+01  8.5509D-03  8.5509D-03  Na21:  6.2955D-16
Ne22   10   22  9.4207D-05  9.1313D+00  6.6723D-02  6.6702D-02  Na22:  2.0503D-05
Na23   11   23  2.9424D-05  1.9342D+01  4.4143D-02  4.4143D-02  Ne23:  1.9429D-17  Mg23:  4.8921D-16
Mg24   12   24  5.5560D-04  8.2882D+00  3.5717D-01  3.5714D-01  Na24:  3.1024D-05
Mg25   12   25  7.3269D-05  1.2273D+01  6.9745D-02  6.9745D-02  Al25:  2.8474D-18
Mg26   12   26  8.3896D-05  2.2174D+01  1.4429D-01  1.4377D-01  Al26:  4.1176D-04  Alg6:  1.1450D-04  Alm6:  1.5272D-12
Al27   13   27  5.6020D-05  1.5823D+01  6.8753D-02  6.8753D-02  Mg27:  4.5854D-13  Si27:  3.6623D-19
Si28   14   28  6.1519D-04  1.5546D+01  7.4178D-01  7.4178D-01  Al28:  1.3504D-11
Si29   14   29  3.2353D-05  7.9695D+00  1.9999D-02  1.9999D-02  P29 :  1.6244D-22
Si30   14   30  2.2063D-05  1.6884D+01  2.8893D-02  2.8893D-02  P30 :  6.1487D-11
P31    15   31  5.8660D-06  1.0648D+01  4.8446D-03  4.8427D-03  Si31:  1.9343D-06  S31 :  7.3694D-25
S32    16   32  2.9480D-04  1.3046D+01  2.9831D-01  2.9828D-01  Si32:  2.3617D-07  P32 :  2.7356D-05
S33    16   33  2.4339D-06  1.0252D+01  1.9354D-03  1.9237D-03  P33 :  1.1732D-05  Cl33:  5.4096D-26
S34    16   34  1.4155D-05  9.1788D+00  1.0078D-02  1.0078D-02  P34 :  3.0918D-21  Cl34:  5.3444D-31
S36    16   36  6.9873D-08  3.3707D+00  1.8268D-05  1.8268D-05
Cl35   17   35  6.1745D-06  2.0534D+00  9.8341D-04  9.7208D-04  S35 :  1.1328D-05
Cl37   17   37  2.0862D-06  4.5412D+00  7.3482D-04  6.0807D-04  S37 :  1.3479D-19  Ar37:  1.2674D-04  K37 :  9.0195D-37
Ar36   18   36  5.6315D-05  1.1069D+01  4.8350D-02  4.8328D-02  Cl36:  2.2560D-05
Ar38   18   38  1.0808D-05  6.5350D+00  5.4783D-03  5.4783D-03  Cl38:  1.5370D-10  K38 :  2.4427D-13
Ar40   18   40  1.8196D-08  7.2025D+00  1.0165D-05  1.0165D-05
K39    19   39  2.8651D-06  2.4301D+00  5.4004D-04  5.1770D-04  Ar39:  2.2337D-05
K40    19   40  4.6383D-09  3.5766D+01  1.2867D-05  1.2867D-05
K41    19   41  2.1737D-07  8.0002D+00  1.3488D-04  3.3795D-05  Ar41:  1.3278D-09  Ca41:  1.0109D-04  Sc41:  2.4898D-53
Ca40   20   40  6.2452D-05  8.0154D+00  3.8827D-02  3.8827D-02
Ca42   20   42  4.3765D-07  1.1414D+01  3.8747D-04  3.8652D-04  K42 :  9.4766D-07  Sc42:  6.3498D-49
Ca43   20   43  9.3493D-08  1.1590D+01  8.4044D-05  8.3999D-05  Sc43:  4.4784D-08
Ca44   20   44  1.4782D-06  2.7702D+00  3.1762D-04  3.0328D-04  Sc44:  7.9098D-08  Ti44:  1.4260D-05
Ca46   20   46  2.9634D-09  5.2916D+01  1.2163D-05  1.2163D-05
Ca48   20   48  1.4456D-07  9.2878D-01  1.0414D-05  1.0414D-05
Sc45   21   45  4.6794D-08  1.4025D+01  5.0904D-05  2.4871D-05  Ca45:  2.5907D-05  Ti45:  1.2633D-07  V45 :  2.0389D-59
Ti46   22   46  2.4899D-07  6.1243D+00  1.1828D-04  1.1383D-04  Sc46:  4.4514D-06  V46 :  2.0199D-59
Ti47   22   47  2.2943D-07  1.8914D+00  3.3658D-05  3.1321D-05  Ca47:  5.7132D-07  Sc47:  1.7652D-06  V47 :  1.1040D-10
Ti48   22   48  2.3217D-06  2.4623D+00  4.4341D-04  1.5815D-04  Sc48:  1.9354D-07  V48 :  5.3217D-07  Cr48:  2.8453D-04
Ti49   22   49  1.7393D-07  4.2946D+00  5.7937D-05  2.9193D-05  Ca49:  5.7592D-18  Sc49:  1.1976D-10  V49 :  2.8685D-05  Cr49:  5.7973D-08
Ti50   22   50  1.6993D-07  4.4081D+00  5.8102D-05  5.8102D-05
V50    23   50  7.8323D-10  1.1638D+01  7.0698D-07  7.0698D-07
V51    23   51  3.1876D-07  4.2269D+00  1.0451D-04  2.4970D-05  Ti51:  3.9968D-16  Cr51:  7.9322D-05  Mn51:  2.1382D-07
Cr50   24   50  6.9813D-07  9.3639D+00  5.0705D-04  5.0705D-04  Mn50:  2.0199D-59
Cr52   24   52  1.4001D-05  5.6008D+00  6.0824D-03  1.0051D-03  V52 :  1.1043D-14  Mn52:  1.3035D-03  Fe52:  3.7737D-03
Cr53   24   53  1.6182D-06  5.7789D+00  7.2532D-04  1.1151D-04  Mn53:  6.1381D-04  Fe53:  1.4972D-12
Cr54   24   54  4.1040D-07  4.5234D+00  1.4399D-04  1.4245D-04  Mn54:  1.5374D-06
Mn55   25   55  1.0898D-05  4.5985D+00  3.8870D-03  7.1518D-04  Cr55:  4.0746D-16  Fe55:  6.8687D-04  Co55:  2.4849D-03
Fe54   26   54  7.3478D-05  7.0789D+00  4.0344D-02  4.0344D-02  Co54:  2.0199D-59
Fe56   26   56  1.1962D-03  1.9003D+00  1.7630D-01  7.5730D-02  Mn56:  2.1429D-07  Co56:  1.5459D-05  Ni56:  1.0056D-01
Fe57   26   57  2.8118D-05  2.3265D+00  5.0739D-03  3.6713D-03  Mn57:  1.9946D-17  Co57:  1.1982D-04  Ni57:  1.2827D-03  Cu57:  2.0199D-59
Fe58   26   58  3.8076D-06  2.5354D+01  7.4880D-03  7.4694D-03  Co58:  1.8561D-05
Co59   27   59  4.2445D-06  9.9095D+00  3.2624D-03  2.1758D-03  Fe59:  1.0066D-03  Ni59:  8.0012D-05  Cu59:  5.0375D-20
Ni58   28   58  4.8240D-05  1.4189D+00  5.3092D-03  5.3092D-03  Cu58:  1.1770D-38
Ni60   28   60  1.9223D-05  2.3126D+00  3.4480D-03  2.7029D-03  Fe60:  5.8842D-04  Co60:  1.5665D-04  Cu60:  2.1697D-14  Zn60:  5.9468D-23
Ni61   28   61  8.4952D-07  1.3791D+01  9.0872D-04  9.0655D-04  Fe61:  1.3364D-18  Co61:  2.1555D-06  Cu61:  1.8264D-08  Zn61:  5.6704D-22
Ni62   28   62  2.7531D-06  1.5010D+01  3.2053D-03  3.2053D-03  Cu62:  2.0401D-12  Zn62:  2.0611D-09  Ga62:  2.0199D-59
Ni64   28   64  7.2374D-07  1.1717D+01  6.5772D-04  6.5772D-04
Cu63   29   63  4.9686D-07  1.6402D+01  6.3211D-04  1.7172D-04  Ni63:  4.6039D-04  Zn63:  5.0707D-12  Ga63:  1.0367D-30
Cu65   29   65  2.2849D-07  1.7913D+01  3.1747D-04  2.9451D-04  Ni65:  2.8675D-07  Zn65:  2.2673D-05  Ga65:  5.9910D-16  Ge65:  3.7121D-34
Zn64   30   64  8.3188D-07  3.1035D+00  2.0025D-04  1.8449D-04  Cu64:  1.5762D-05  Ga64:  1.4009D-25  Ge64:  3.0807D-32
Zn66   30   66  4.9218D-07  7.9196D+00  3.0233D-04  3.0233D-04  Cu66:  1.1277D-14  Ga66:  1.1478D-09  Ge66:  5.8831D-14
Zn67   30   67  7.3424D-08  1.1780D+01  6.7089D-05  6.6947D-05  Ga67:  1.4208D-07  Ge67:  5.0171D-18
Zn68   30   68  3.4079D-07  8.8705D+00  2.3447D-04  2.3443D-04  Ga68:  1.0212D-09  Ge68:  4.3842D-08
Zn70   30   70  1.1600D-08  4.7718D+00  4.2934D-06  4.2934D-06
Ga69   31   69  3.3478D-08  1.2045D+01  3.1277D-05  3.1238D-05  Zn69:  2.3797D-08  Ge69:  1.5723D-08
Ga71   31   71  2.2862D-08  9.9953D+00  1.7725D-05  1.2319D-05  Zn71:  6.7179D-20  Ge71:  5.4052D-06  As71:  5.0593D-10
Ge70   32   70  4.7971D-08  8.4086D+00  3.1286D-05  3.1286D-05  Ga70:  4.6156D-12
Ge72   32   72  6.5204D-08  6.2786D+00  3.1754D-05  3.0716D-05  Ga72:  1.0372D-06  As72:  9.5450D-10
Ge73   32   73  1.8556D-08  6.3148D+00  9.0887D-06  9.0026D-06  As73:  8.6125D-08
Ge74   32   74  8.8283D-08  4.1282D+00  2.8268D-05  2.8248D-05  As74:  2.0108D-08
Ge76   32   76  1.9019D-08  1.4126D+00  2.0838D-06  2.0838D-06
As75   33   75  1.1016D-08  5.3538D+00  4.5746D-06  4.5334D-06  Ge75:  1.2597D-08  Se75:  2.8610D-08  Br75:  1.0484D-14
Se74   34   74  1.0607D-09  2.0904D+00  1.7198D-07  1.7198D-07
Se76   34   76  1.1469D-08  6.3631D+00  5.6606D-06  4.9891D-06  As76:  6.7144D-07  Br76:  1.8980D-11
Se77   34   77  9.4622D-09  5.8672D+00  4.3060D-06  2.6270D-06  Ge77:  1.8931D-08  As77:  1.6594D-06  Br77:  7.0987D-10
Se78   34   78  2.9861D-08  3.3937D+00  7.8601D-06  7.8601D-06  Br78:  1.2856D-16
Se80   34   80  6.3920D-08  2.1679D+00  1.0748D-05  1.0748D-05
Se82   34   82  1.1529D-08  1.1160D+00  9.9796D-07  9.9796D-07
Br79   35   79  1.0222D-08  3.7514D+00  2.9742D-06  8.1467D-07  Se79:  2.1590D-06  Kr79:  5.3465D-10  Rb79:  1.0864D-18
Br81   35   81  1.0195D-08  2.4736D+00  1.9561D-06  1.7724D-06  Se81:  3.8098D-14  Kr81:  1.8365D-07  Rb81:  6.0222D-13
Kr78   36   78  3.6964D-10  8.6610D-01  2.4832D-08  2.4832D-08
Kr80   36   80  2.4360D-09  4.6076D+00  8.7058D-07  8.7058D-07  Br80:  2.0134D-14  Rb80:  1.1385D-21
Kr82   36   82  1.2511D-08  4.7383D+00  4.5982D-06  4.5233D-06  Br82:  7.4878D-08  Rb82:  1.1480D-12
Kr83   36   83  1.2546D-08  2.5551D+00  2.4863D-06  2.4627D-06  Se83:  1.6594D-14  Br83:  2.2272D-08  Rb83:  1.3461D-09
Kr84   36   84  6.2574D-08  2.1967D+00  1.0662D-05  1.0661D-05  Rb84:  1.9420D-10
Kr86   36   86  1.9374D-08  2.3495D+00  3.5305D-06  3.5305D-06
Rb85   37   85  1.4679D-08  2.5604D+00  2.9152D-06  1.5617D-06  Kr85:  1.3525D-06  Sr85:  1.0137D-09  Y85 :  5.9331D-15
Rb87   37   87  6.1834D-09  4.0330D+00  1.9342D-06  1.9342D-06  Kr87:  2.0905D-11
Sr84   38   84  2.5579D-10  1.3276D+00  2.6341D-08  2.6341D-08
Sr86   38   86  4.6312D-09  5.4013D+00  1.9402D-06  1.6116D-06  Rb86:  3.2858D-07  Y86 :  6.6043D-14
Sr87   38   87  3.2742D-09  4.6050D+00  1.1695D-06  1.1694D-06  Y87 :  3.5498D-11
Sr88   38   88  3.9706D-08  3.3400D+00  1.0286D-05  1.0286D-05  Rb88:  4.0321D-15  Y88 :  1.0663D-10
Y89    39   89  1.0626D-08  2.6259D+00  2.1643D-06  1.7227D-06  Sr89:  4.4151D-07
Zr90   40   90  1.2960D-08  1.6455D+00  1.6541D-06  1.4898D-06  Sr90:  1.2970D-07  Y90 :  3.4657D-08
Zr91   40   91  2.8577D-09  2.2430D+00  4.9716D-07  3.9460D-07  Sr91:  8.1883D-10  Y91 :  1.0142D-07  Nb91:  3.2838D-10
Zr92   40   92  4.4160D-09  1.7031D+00  5.8336D-07  5.8332D-07  Nb92:  3.9828D-11
Zr94   40   94  4.5725D-09  1.4087D+00  4.9961D-07  4.9961D-07
Zr96   40   96  7.5233D-10  1.3013D+00  7.5938D-08  7.5938D-08
Nb93   41   93  1.9745D-09  1.4714D+00  2.2535D-07  1.0926D-07  Zr93:  1.1529D-07  Mo93:  7.9396D-10
Mo92   42   92  7.4625D-10  9.0297D-01  5.2265D-08  5.2265D-08
Mo94   42   94  4.8037D-10  1.1455D+00  4.2679D-08  4.2633D-08  Nb94:  4.6070D-11
Mo95   42   95  8.4024D-10  1.6083D+00  1.0482D-07  5.4556D-08  Zr95:  4.9588D-08  Nb95:  6.7438D-10
Mo96   42   96  8.9379D-10  1.8589D+00  1.2887D-07  1.2879D-07  Nb96:  7.7820D-11
Mo97   42   97  5.1997D-10  7.4756D+00  3.0150D-07  3.0129D-07  Zr97:  1.8687D-10  Nb97:  1.7490D-11
Mo98   42   98  1.3349D-09  3.1123D+00  3.2224D-07  3.2224D-07
