nome    Z    A   solar       PF          YieldTot 
H       1    1  7.2155D-01  4.2453D-01  3.5895D+01  3.5895D+01
H2      1    2  2.9439D-05  5.1204D-02  1.7664D-04  1.7664D-04
He3     2    3  3.1196D-05  4.2058D-01  1.5375D-03  1.5375D-03  H3  :  1.0367D-29
He4     2    4  2.6500D-01  1.6252D+00  5.0469D+01  5.0469D+01
Li6     3    6  5.9602D-10  5.1203D-02  3.5761D-09  3.5761D-09
Li7     3    7  8.4661D-09  5.1211D-02  5.0805D-08  5.0797D-08  Be7 :  7.7769D-12
Be9     4    9  1.5889D-10  5.1204D-02  9.5341D-10  9.5341D-10
B10     5   10  7.3404D-10  5.1203D-02  4.4043D-09  4.4043D-09  Be10:  2.8029D-59
B11     5   11  3.2501D-09  1.3848D-01  5.2740D-08  5.2740D-08
C12     6   12  2.3514D-03  2.3903D+01  6.5864D+00  6.5864D+00
C13     6   13  2.8494D-05  6.3196D-01  2.1101D-03  2.1101D-03  N13 :  8.4315D-13
N14     7   14  6.9520D-04  5.7366D+00  4.6733D-01  4.6733D-01  C14 :  3.9015D-07
N15     7   15  1.7096D-06  2.2544D-01  4.5165D-05  4.5165D-05  O15 :  1.3495D-14
O16     8   16  5.7553D-03  2.6655D+01  1.7977D+01  1.7977D+01  N16 :  3.3110D-31
O17     8   17  2.3231D-06  3.5945D-01  9.7851D-05  9.7851D-05  F17 :  2.8067D-18
O18     8   18  1.2980D-05  2.1656D-01  3.2940D-04  3.2936D-04  F18 :  4.1434D-08
F19     9   19  5.0785D-07  4.4358D-01  2.6397D-05  2.6397D-05  O19 :  2.0478D-21
Ne20   10   20  1.1647D-03  1.7016D+01  2.3225D+00  2.3225D+00  F20 :  1.2996D-22
Ne21   10   21  2.9317D-06  3.5973D+01  1.2358D-02  1.2358D-02  Na21:  2.6534D-14
Ne22   10   22  9.4207D-05  1.1544D+01  1.2743D-01  1.2742D-01  Na22:  1.5668D-05
Na23   11   23  2.9424D-05  1.2030D+01  4.1480D-02  4.1480D-02  Ne23:  3.0128D-15  Mg23:  3.9321D-17
Mg24   12   24  5.5560D-04  1.1289D+01  7.3502D-01  7.3499D-01  Na24:  2.8858D-05
Mg25   12   25  7.3269D-05  1.2778D+01  1.0971D-01  1.0971D-01  Al25:  1.2862D-18
Mg26   12   26  8.3896D-05  2.2702D+01  2.2319D-01  2.2208D-01  Al26:  7.7575D-04  Alg6:  3.3458D-04  Alm6:  1.0060D-11
Al27   13   27  5.6020D-05  1.2148D+01  7.9746D-02  7.9746D-02  Mg27:  1.7696D-10  Si27:  4.9376D-22
Si28   14   28  6.1519D-04  1.4958D+01  1.0783D+00  1.0783D+00  Al28:  4.8227D-11
Si29   14   29  3.2353D-05  8.2469D+00  3.1266D-02  3.1266D-02  P29 :  1.8145D-22
Si30   14   30  2.2063D-05  1.7616D+01  4.5544D-02  4.5544D-02  P30 :  8.6157D-11
P31    15   31  5.8660D-06  1.0827D+01  7.4427D-03  7.4396D-03  Si31:  3.1158D-06  S31 :  1.6738D-29
S32    16   32  2.9480D-04  1.3131D+01  4.5363D-01  4.5359D-01  Si32:  5.5413D-07  P32 :  4.1190D-05
S33    16   33  2.4339D-06  8.9616D+00  2.5559D-03  2.5401D-03  P33 :  1.5882D-05  Cl33:  1.0863D-27
S34    16   34  1.4155D-05  8.6563D+00  1.4359D-02  1.4359D-02  P34 :  2.4097D-20  Cl34:  6.5242D-33
S36    16   36  6.9873D-08  2.6252D+00  2.1495D-05  2.1495D-05
Cl35   17   35  6.1745D-06  1.8156D+00  1.3136D-03  1.3009D-03  S35 :  1.2709D-05
Cl37   17   37  2.0862D-06  4.4027D+00  1.0763D-03  9.0108D-04  S37 :  1.3124D-16  Ar37:  1.7521D-04  K37 :  8.4129D-40
Ar36   18   36  5.6315D-05  1.1375D+01  7.5064D-02  7.5030D-02  Cl36:  3.3992D-05
Ar38   18   38  1.0808D-05  6.7660D+00  8.5690D-03  8.5690D-03  Cl38:  1.9487D-10  K38 :  2.5198D-13
Ar40   18   40  1.8196D-08  3.5482D+00  7.5657D-06  7.5657D-06
K39    19   39  2.8651D-06  2.5572D+00  8.5854D-04  8.4129D-04  Ar39:  1.7250D-05
K40    19   40  4.6383D-09  3.9761D+01  2.1611D-05  2.1611D-05
K41    19   41  2.1737D-07  8.5828D+00  2.1862D-04  4.9297D-05  Ar41:  1.2101D-09  Ca41:  1.6932D-04  Sc41:  2.8858D-53
Ca40   20   40  6.2452D-05  8.2448D+00  6.0337D-02  6.0337D-02
Ca42   20   42  4.3765D-07  1.1261D+01  5.7752D-04  5.7636D-04  K42 :  1.1632D-06  Sc42:  1.0564D-47
Ca43   20   43  9.3493D-08  1.0149D+01  1.1119D-04  1.1114D-04  Sc43:  5.2318D-08
Ca44   20   44  1.4782D-06  2.6451D+00  4.5819D-04  4.3785D-04  Sc44:  1.3366D-07  Ti44:  2.0207D-05
Ca46   20   46  2.9634D-09  3.9010D+01  1.3547D-05  1.3547D-05
Ca48   20   48  1.4456D-07  9.3339D-01  1.5812D-05  1.5812D-05
Sc45   21   45  4.6794D-08  1.2603D+01  6.9106D-05  4.3384D-05  Ca45:  2.5498D-05  Ti45:  2.2399D-07  V45 :  2.3465D-58
Ti46   22   46  2.4899D-07  6.7445D+00  1.9679D-04  1.9049D-04  Sc46:  6.3017D-06  V46 :  3.5934D-59
Ti47   22   47  2.2943D-07  1.7448D+00  4.6910D-05  4.3876D-05  Ca47:  4.5878D-07  Sc47:  2.5749D-06  V47 :  1.2477D-10
Ti48   22   48  2.3217D-06  2.1867D+00  5.9491D-04  2.4212D-04  Sc48:  2.7553D-07  V48 :  7.2348D-07  Cr48:  3.5179D-04
Ti49   22   49  1.7393D-07  3.9605D+00  8.0721D-05  4.5100D-05  Ca49:  3.0265D-15  Sc49:  1.9806D-10  V49 :  3.5551D-05  Cr49:  7.0036D-08
Ti50   22   50  1.6993D-07  4.1754D+00  8.3145D-05  8.3145D-05
V50    23   50  7.8323D-10  9.3969D+00  8.6245D-07  8.6245D-07
V51    23   51  3.1876D-07  3.7453D+00  1.3990D-04  3.8371D-05  Ti51:  1.6145D-13  Cr51:  1.0127D-04  Mn51:  2.5734D-07
Cr50   24   50  6.9813D-07  9.0195D+00  7.3787D-04  7.3787D-04  Mn50:  2.8029D-59
Cr52   24   52  1.4001D-05  4.6495D+00  7.6285D-03  1.5460D-03  V52 :  8.3107D-14  Mn52:  1.5791D-03  Fe52:  4.5035D-03
Cr53   24   53  1.6182D-06  4.9884D+00  9.4591D-04  1.6883D-04  Mn53:  7.7708D-04  Fe53:  1.7225D-12
Cr54   24   54  4.1040D-07  4.2450D+00  2.0414D-04  2.0217D-04  Mn54:  1.9762D-06
Mn55   25   55  1.0898D-05  4.0485D+00  5.1701D-03  1.1446D-03  Cr55:  4.0544D-13  Fe55:  9.4972D-04  Co55:  3.0758D-03
Fe54   26   54  7.3478D-05  6.6201D+00  5.7001D-02  5.7001D-02  Co54:  2.8029D-59
Fe56   26   56  1.1962D-03  1.6727D+00  2.3445D-01  1.1739D-01  Mn56:  2.0897D-07  Co56:  2.0796D-05  Ni56:  1.1704D-01
Fe57   26   57  2.8118D-05  2.1964D+00  7.2370D-03  5.5356D-03  Mn57:  5.7454D-17  Co57:  1.5431D-04  Ni57:  1.5471D-03  Cu57:  2.8029D-59
Fe58   26   58  3.8076D-06  2.3241D+01  1.0370D-02  1.0351D-02  Co58:  1.8162D-05
Co59   27   59  4.2445D-06  8.0460D+00  4.0019D-03  2.9604D-03  Fe59:  9.3929D-04  Ni59:  1.0230D-04  Cu59:  1.8194D-17
Ni58   28   58  4.8240D-05  1.3693D+00  7.7403D-03  7.7403D-03  Cu58:  1.5459D-43
Ni60   28   60  1.9223D-05  2.1603D+00  4.8663D-03  4.1239D-03  Fe60:  5.8769D-04  Co60:  1.5469D-04  Cu60:  1.7880D-14  Zn60:  6.5678D-23
Ni61   28   61  8.4952D-07  1.2212D+01  1.2157D-03  1.2136D-03  Fe61:  1.3548D-16  Co61:  2.0633D-06  Cu61:  2.2040D-08  Zn61:  2.9686D-22
Ni62   28   62  2.7531D-06  1.3967D+01  4.5059D-03  4.5059D-03  Cu62:  2.4768D-12  Zn62:  1.5380D-09  Ga62:  2.8029D-59
Ni64   28   64  7.2374D-07  9.6531D+00  8.1867D-04  8.1867D-04
Cu63   29   63  4.9686D-07  1.2315D+01  7.1705D-04  3.0467D-04  Ni63:  4.1238D-04  Zn63:  2.5728D-12  Ga63:  8.4865D-31
Cu65   29   65  2.2849D-07  1.7279D+01  4.6265D-04  4.3972D-04  Ni65:  2.9446D-07  Zn65:  2.2640D-05  Ga65:  4.9363D-14  Ge65:  1.6455D-35
Zn64   30   64  8.3188D-07  3.3722D+00  3.2872D-04  3.0701D-04  Cu64:  2.1715D-05  Ga64:  1.5774D-25  Ge64:  1.6346D-32
Zn66   30   66  4.9218D-07  7.9143D+00  4.5646D-04  4.5645D-04  Cu66:  1.2902D-11  Ga66:  1.0529D-09  Ge66:  1.9838D-14
Zn67   30   67  7.3424D-08  1.0745D+01  9.2448D-05  9.2172D-05  Ga67:  2.7672D-07  Ge67:  1.4140D-18
Zn68   30   68  3.4079D-07  9.3787D+00  3.7454D-04  3.7452D-04  Ga68:  1.9538D-09  Ge68:  1.6779D-08
Zn70   30   70  1.1600D-08  3.0510D+00  4.1474D-06  4.1474D-06
Ga69   31   69  3.3478D-08  1.0711D+01  4.2019D-05  4.1981D-05  Zn69:  3.1184D-08  Ge69:  7.0248D-09
Ga71   31   71  2.2862D-08  1.0464D+01  2.8034D-05  2.1173D-05  Zn71:  4.6125D-17  Ge71:  6.8596D-06  As71:  6.5565D-10
Ge70   32   70  4.7971D-08  8.4642D+00  4.7579D-05  4.7579D-05  Ga70:  2.1764D-11
Ge72   32   72  6.5204D-08  7.1360D+00  5.4524D-05  5.2883D-05  Ga72:  1.6403D-06  As72:  9.9993D-10
Ge73   32   73  1.8556D-08  6.3104D+00  1.3721D-05  1.3582D-05  As73:  1.3947D-07
Ge74   32   74  8.8283D-08  4.6027D+00  4.7616D-05  4.7574D-05  As74:  4.2176D-08
Ge76   32   76  1.9019D-08  1.2024D+00  2.6797D-06  2.6797D-06
As75   33   75  1.1016D-08  4.6933D+00  6.0587D-06  6.0263D-06  Ge75:  1.7552D-08  Se75:  1.4809D-08  Br75:  7.9841D-15
Se74   34   74  1.0607D-09  1.6366D+00  2.0342D-07  2.0342D-07
Se76   34   76  1.1469D-08  6.9064D+00  9.2821D-06  8.7438D-06  As76:  5.3829D-07  Br76:  7.8992D-12
Se77   34   77  9.4622D-09  5.5553D+00  6.1597D-06  4.0313D-06  Ge77:  1.4207D-08  As77:  2.1139D-06  Br77:  3.2632D-10
Se78   34   78  2.9861D-08  3.7498D+00  1.3121D-05  1.3121D-05  Br78:  3.0523D-16
Se80   34   80  6.3920D-08  2.0923D+00  1.5672D-05  1.5672D-05
Se82   34   82  1.1529D-08  9.7089D-01  1.3117D-06  1.3117D-06
Br79   35   79  1.0222D-08  3.6798D+00  4.4078D-06  1.4197D-06  Se79:  2.9873D-06  Kr79:  7.5029D-10  Rb79:  1.9595D-18
Br81   35   81  1.0195D-08  2.4242D+00  2.8962D-06  2.5737D-06  Se81:  6.9812D-15  Kr81:  3.2253D-07  Rb81:  8.4429D-13
Kr78   36   78  3.6964D-10  8.9864D-01  3.8925D-08  3.8925D-08
Kr80   36   80  2.4360D-09  6.4228D+00  1.8334D-06  1.8334D-06  Br80:  2.0939D-12  Rb80:  5.2731D-22
Kr82   36   82  1.2511D-08  5.2614D+00  7.7138D-06  7.6425D-06  Br82:  7.1243D-08  Rb82:  8.4136D-13
Kr83   36   83  1.2546D-08  2.6081D+00  3.8342D-06  3.7963D-06  Se83:  1.0179D-14  Br83:  3.5702D-08  Rb83:  2.1368D-09
Kr84   36   84  6.2574D-08  2.2273D+00  1.6332D-05  1.6331D-05  Rb84:  3.6938D-10
Kr86   36   86  1.9374D-08  1.9096D+00  4.3351D-06  4.3351D-06
Rb85   37   85  1.4679D-08  2.3824D+00  4.0980D-06  2.5660D-06  Kr85:  1.5304D-06  Sr85:  1.6433D-09  Y85 :  1.7060D-14
Rb87   37   87  6.1834D-09  3.4460D+00  2.4969D-06  2.4969D-06  Kr87:  1.9598D-11
Sr84   38   84  2.5579D-10  1.5715D+00  4.7106D-08  4.7106D-08
Sr86   38   86  4.6312D-09  6.1058D+00  3.3136D-06  2.8953D-06  Rb86:  4.1832D-07  Y86 :  9.6086D-14
Sr87   38   87  3.2742D-09  4.9718D+00  1.9076D-06  1.9075D-06  Y87 :  6.5081D-11
Sr88   38   88  3.9706D-08  3.3736D+00  1.5697D-05  1.5697D-05  Rb88:  6.1378D-15  Y88 :  1.4766D-10
Y89    39   89  1.0626D-08  2.5704D+00  3.2006D-06  2.7349D-06  Sr89:  4.6563D-07
Zr90   40   90  1.2960D-08  1.7048D+00  2.5890D-06  2.3861D-06  Sr90:  1.6196D-07  Y90 :  4.0972D-08
Zr91   40   91  2.8577D-09  2.0416D+00  6.8367D-07  5.9315D-07  Sr91:  5.5034D-10  Y91 :  8.9774D-08  Nb91:  1.9988D-10
Zr92   40   92  4.4160D-09  1.7052D+00  8.8240D-07  8.8236D-07  Nb92:  3.6636D-11
Zr94   40   94  4.5725D-09  1.3803D+00  7.3958D-07  7.3958D-07
Zr96   40   96  7.5233D-10  9.3676D-01  8.2585D-08  8.2585D-08
Nb93   41   93  1.9745D-09  1.3835D+00  3.2010D-07  1.6523D-07  Zr93:  1.5337D-07  Mo93:  1.5022D-09
Mo92   42   92  7.4625D-10  9.3877D-01  8.2092D-08  8.2092D-08
Mo94   42   94  4.8037D-10  1.2971D+00  7.3013D-08  7.2938D-08  Nb94:  7.5237D-11
Mo95   42   95  8.4024D-10  1.4021D+00  1.3806D-07  8.8460D-08  Zr95:  4.8982D-08  Nb95:  6.1318D-10
Mo96   42   96  8.9379D-10  1.9722D+00  2.0656D-07  2.0652D-07  Nb96:  3.5661D-11
Mo97   42   97  5.1997D-10  8.2697D+00  5.0388D-07  5.0380D-07  Zr97:  7.1998D-11  Nb97:  8.1830D-12
Mo98   42   98  1.3349D-09  2.4055D+00  3.7627D-07  3.7627D-07
