nome    Z    A   solar       PF          YieldTot 
H       1    1  7.2155D-01  6.8075D-01  5.4811D+00  5.4811D+00
H2      1    2  2.9439D-05  4.2781D-05  1.4054D-08  1.4054D-08
He3     2    3  3.1196D-05  6.8496D-01  2.3844D-04  2.3844D-04  H3  :  1.8707D-31
He4     2    4  2.6500D-01  1.3119D+00  3.8794D+00  3.8794D+00
Li6     3    6  5.9602D-10  4.4319D-05  2.9475D-13  2.9475D-13
Li7     3    7  8.4661D-09  1.2725D-03  1.2022D-10  1.2021D-10  Be7 :  4.2952D-15
Be9     4    9  1.5889D-10  4.0953D-03  7.2612D-12  7.2612D-12
B10     5   10  7.3404D-10  5.9858D-03  4.9029D-11  4.9029D-11  Be10:  7.7014D-60
B11     5   11  3.2501D-09  7.1713D-02  2.6008D-09  2.6008D-09
C12     6   12  2.3514D-03  1.2414D+01  3.2573D-01  3.2573D-01
C13     6   13  2.8494D-05  3.3397D+00  1.0619D-03  1.0619D-03  N13 :  1.3664D-13
N14     7   14  6.9520D-04  5.5478D+00  4.3037D-02  4.3027D-02  C14 :  9.9100D-06
N15     7   15  1.7096D-06  1.0724D+00  2.0459D-05  2.0459D-05  O15 :  3.3394D-16
O16     8   16  5.7553D-03  1.5344D+01  9.8542D-01  9.8542D-01  N16 :  3.6337D-29
O17     8   17  2.3231D-06  7.1133D+00  1.8440D-04  1.8440D-04  F17 :  4.0043D-20
O18     8   18  1.2980D-05  3.3433D+01  4.8425D-03  4.8421D-03  F18 :  3.6953D-07
F19     9   19  5.0785D-07  1.2173D+00  6.8984D-06  6.8984D-06  O19 :  1.3432D-21
Ne20   10   20  1.1647D-03  3.3049D+00  4.2953D-02  4.2953D-02  F20 :  9.0724D-23
Ne21   10   21  2.9317D-06  1.9769D+01  6.4672D-04  6.4672D-04  Na21:  1.0254D-15
Ne22   10   22  9.4207D-05  1.8219D+01  1.9152D-02  1.9152D-02  Na22:  2.6924D-07
Na23   11   23  2.9424D-05  4.4121D+00  1.4487D-03  1.4487D-03  Ne23:  9.2663D-16  Mg23:  5.3313D-15
Mg24   12   24  5.5560D-04  3.2322D+00  2.0039D-02  2.0037D-02  Na24:  2.4684D-06
Mg25   12   25  7.3269D-05  3.7231D+00  3.0439D-03  3.0439D-03  Al25:  3.3632D-19
Mg26   12   26  8.3896D-05  7.5519D+00  7.0699D-03  7.0458D-03  Al26:  2.1599D-05  Alg6:  2.4991D-06  Alm6:  1.4567D-14
Al27   13   27  5.6020D-05  3.9815D+00  2.4888D-03  2.4888D-03  Mg27:  2.0528D-12  Si27:  2.3446D-15
Si28   14   28  6.1519D-04  1.6900D+01  1.1601D-01  1.1601D-01  Al28:  5.3962D-12
Si29   14   29  3.2353D-05  5.2195D+00  1.8844D-03  1.8844D-03  P29 :  1.9518D-20
Si30   14   30  2.2063D-05  1.2336D+01  3.0372D-03  3.0372D-03  P30 :  1.1977D-11
P31    15   31  5.8660D-06  9.1231D+00  5.9717D-04  5.9689D-04  Si31:  2.7809D-07  S31 :  3.2547D-18
S32    16   32  2.9480D-04  1.6473D+01  5.4192D-02  5.4190D-02  Si32:  5.8432D-08  P32 :  1.2727D-06
S33    16   33  2.4339D-06  1.0052D+01  2.7300D-04  2.7215D-04  P33 :  8.5472D-07  Cl33:  2.4411D-24
S34    16   34  1.4155D-05  1.2369D+01  1.9537D-03  1.9537D-03  P34 :  1.0844D-19  Cl34:  1.2236D-23
S36    16   36  6.9873D-08  2.0898D+00  1.6294D-06  1.6294D-06
Cl35   17   35  6.1745D-06  2.4053D+00  1.6572D-04  1.6494D-04  S35 :  7.8411D-07
Cl37   17   37  2.0862D-06  2.7904D+00  6.4958D-05  4.8200D-05  S37 :  1.5117D-18  Ar37:  1.6759D-05  K37 :  1.5871D-32
Ar36   18   36  5.6315D-05  1.4898D+01  9.3622D-03  9.3600D-03  Cl36:  2.1982D-06
Ar38   18   38  1.0808D-05  8.0817D+00  9.7467D-04  9.7467D-04  Cl38:  4.5317D-11  K38 :  7.2746D-15
Ar40   18   40  1.8196D-08  1.9328D+00  3.9244D-07  3.9244D-07
K39    19   39  2.8651D-06  3.0138D+00  9.6355D-05  9.5599D-05  Ar39:  7.5539D-07
K40    19   40  4.6383D-09  1.9621D+01  1.0155D-06  1.0155D-06
K41    19   41  2.1737D-07  6.5057D+00  1.5780D-05  3.1605D-06  Ar41:  6.8379D-10  Ca41:  1.2619D-05  Sc41:  8.2250D-46
Ca40   20   40  6.2452D-05  1.1156D+01  7.7743D-03  7.7743D-03
Ca42   20   42  4.3765D-07  8.0680D+00  3.9402D-05  3.9285D-05  K42 :  1.1644D-07  Sc42:  2.6123D-40
Ca43   20   43  9.3493D-08  3.3068D+00  3.4499D-06  3.4288D-06  Sc43:  2.1134D-08
Ca44   20   44  1.4782D-06  1.9325D+00  3.1877D-05  1.9788D-05  Sc44:  3.8096D-09  Ti44:  1.2085D-05
Ca46   20   46  2.9634D-09  5.8619D+00  1.9384D-07  1.9384D-07
Ca48   20   48  1.4456D-07  9.3950D-01  1.5156D-06  1.5156D-06
Sc45   21   45  4.6794D-08  3.6365D+00  1.8988D-06  1.3983D-06  Ca45:  4.6771D-07  Ti45:  3.2881D-08  V45 :  1.2722D-49
Ti46   22   46  2.4899D-07  5.9872D+00  1.6635D-05  1.6479D-05  Sc46:  1.5599D-07  V46 :  1.8370D-48
Ti47   22   47  2.2943D-07  1.3902D+00  3.5592D-06  3.4846D-06  Ca47:  9.9236D-09  Sc47:  6.4544D-08  V47 :  6.6225D-11
Ti48   22   48  2.3217D-06  4.5577D+00  1.1808D-04  2.3981D-05  Sc48:  1.8862D-08  V48 :  6.3541D-08  Cr48:  9.4014D-05
Ti49   22   49  1.7393D-07  5.4249D+00  1.0529D-05  3.2639D-06  Ca49:  3.5487D-17  Sc49:  1.8125D-11  V49 :  7.2506D-06  Cr49:  1.4211D-08
Ti50   22   50  1.6993D-07  1.8464D+00  3.5012D-06  3.5012D-06
V50    23   50  7.8323D-10  1.1829D+01  1.0339D-07  1.0339D-07
V51    23   51  3.1876D-07  6.7818D+00  2.4122D-05  3.6127D-06  Ti51:  1.5738D-15  Cr51:  2.0458D-05  Mn51:  5.1534D-08
Cr50   24   50  6.9813D-07  1.2012D+01  9.3579D-05  9.3579D-05  Mn50:  7.4260D-58
Cr52   24   52  1.4001D-05  1.0377D+01  1.6213D-03  1.5730D-04  V52 :  3.7936D-15  Mn52:  3.6781D-04  Fe52:  1.0962D-03
Cr53   24   53  1.6182D-06  1.0408D+01  1.8794D-04  1.6355D-05  Mn53:  1.7158D-04  Fe53:  1.1336D-14
Cr54   24   54  4.1040D-07  2.2890D+00  1.0483D-05  1.0298D-05  Mn54:  1.8439D-07
Mn55   25   55  1.0898D-05  9.0229D+00  1.0972D-03  1.2456D-04  Cr55:  4.4725D-15  Fe55:  1.9103D-04  Co55:  7.8166D-04
Fe54   26   54  7.3478D-05  9.7892D+00  8.0263D-03  8.0263D-03  Co54:  7.7014D-60
Fe56   26   56  1.1962D-03  8.7455D+00  1.1673D-01  1.2253D-02  Mn56:  1.0520D-07  Co56:  3.7636D-06  Ni56:  1.0448D-01
Fe57   26   57  2.8118D-05  1.0851D+01  3.4047D-03  4.5651D-04  Mn57:  1.7052D-17  Co57:  1.5383D-04  Ni57:  2.7944D-03  Cu57:  7.7014D-60
Fe58   26   58  3.8076D-06  9.1808D+00  3.9008D-04  3.8809D-04  Co58:  1.9884D-06
Co59   27   59  4.2445D-06  6.6476D+00  3.1485D-04  1.4746D-04  Fe59:  2.6496D-05  Ni59:  1.4089D-04  Cu59:  2.9770D-19
Ni58   28   58  4.8240D-05  9.5403D+00  5.1355D-03  5.1355D-03  Cu58:  6.9159D-34
Ni60   28   60  1.9223D-05  8.0185D+00  1.7200D-03  1.6999D-03  Fe60:  1.0976D-05  Co60:  9.1074D-06  Cu60:  2.8635D-08  Zn60:  3.5791D-24
Ni61   28   61  8.4952D-07  1.2480D+01  1.1831D-04  8.8195D-05  Fe61:  1.5705D-16  Co61:  5.0723D-07  Cu61:  2.9604D-05  Zn61:  1.2893D-22
Ni62   28   62  2.7531D-06  2.1232D+01  6.5227D-04  1.5682D-04  Cu62:  3.6293D-07  Zn62:  4.9509D-04  Ga62:  7.7014D-60
Ni64   28   64  7.2374D-07  2.7847D+00  2.2490D-05  2.2490D-05
Cu63   29   63  4.9686D-07  4.0382D+00  2.2389D-05  1.0742D-05  Ni63:  1.1647D-05  Zn63:  6.5337D-10  Ga63:  4.8652D-30
Cu65   29   65  2.2849D-07  5.0910D+00  1.2980D-05  1.1637D-05  Ni65:  6.8857D-08  Zn65:  1.2739D-06  Ga65:  8.6590D-14  Ge65:  4.6878D-33
Zn64   30   64  8.3188D-07  2.0080D+00  1.8639D-05  1.8025D-05  Cu64:  6.1486D-07  Ga64:  1.8321D-25  Ge64:  9.4654D-33
Zn66   30   66  4.9218D-07  4.1078D+00  2.2560D-05  1.7012D-05  Cu66:  7.4885D-14  Ga66:  4.6393D-06  Ge66:  9.0887D-07
Zn67   30   67  7.3424D-08  2.0549D+00  1.6836D-06  1.6697D-06  Ga67:  1.3982D-08  Ge67:  1.8327D-15
Zn68   30   68  3.4079D-07  2.1497D+00  8.1748D-06  8.1692D-06  Ga68:  3.4829D-11  Ge68:  5.4848D-09
Zn70   30   70  1.1600D-08  3.7741D+00  4.8853D-07  4.8853D-07
Ga69   31   69  3.3478D-08  3.1207D+00  1.1658D-06  1.1641D-06  Zn69:  9.2229D-10  Ge69:  7.9083D-10
Ga71   31   71  2.2862D-08  3.1449D+00  8.0231D-07  7.4912D-07  Zn71:  1.0105D-18  Ge71:  5.3178D-08  As71:  1.3721D-11
Ge70   32   70  4.7971D-08  2.4166D+00  1.2936D-06  1.2936D-06  Ga70:  2.1237D-13
Ge72   32   72  6.5204D-08  1.8026D+00  1.3116D-06  1.2681D-06  Ga72:  4.3393D-08  As72:  3.4287D-11
Ge73   32   73  1.8556D-08  1.4042D+00  2.9076D-07  2.8744D-07  As73:  3.3199D-09
Ge74   32   74  8.8283D-08  1.4115D+00  1.3906D-06  1.3899D-06  As74:  6.8885D-10
Ge76   32   76  1.9019D-08  1.3494D+00  2.8637D-07  2.8637D-07
As75   33   75  1.1016D-08  2.1340D+00  2.6233D-07  2.5958D-07  Ge75:  4.0292D-10  Se75:  2.3403D-09  Br75:  1.4170D-15
Se74   34   74  1.0607D-09  3.3033D+00  3.9098D-08  3.9098D-08
Se76   34   76  1.1469D-08  2.1791D+00  2.7888D-07  2.7589D-07  As76:  2.9860D-09  Br76:  8.4798D-13
Se77   34   77  9.4622D-09  1.7347D+00  1.8316D-07  1.2849D-07  Ge77:  1.2557D-08  As77:  4.2043D-08  Br77:  6.3114D-11
Se78   34   78  2.9861D-08  1.2652D+00  4.2156D-07  4.2156D-07  Br78:  3.1305D-17
Se80   34   80  6.3920D-08  1.0280D+00  7.3326D-07  7.3326D-07
Se82   34   82  1.1529D-08  1.3345D+00  1.7169D-07  1.7169D-07
Br79   35   79  1.0222D-08  1.1569D+00  1.3196D-07  1.0481D-07  Se79:  2.7068D-08  Kr79:  8.3830D-11  Rb79:  2.8109D-19
Br81   35   81  1.0195D-08  1.2642D+00  1.4383D-07  1.3179D-07  Se81:  9.9061D-16  Kr81:  1.2039D-08  Rb81:  9.0849D-14
Kr78   36   78  3.6964D-10  1.1034D+00  4.5514D-09  4.5514D-09
Kr80   36   80  2.4360D-09  2.3251D+00  6.3202D-08  6.3202D-08  Br80:  2.2363D-14  Rb80:  2.3287D-21
Kr82   36   82  1.2511D-08  1.6536D+00  2.3086D-07  2.2986D-07  Br82:  1.0001D-09  Rb82:  6.5952D-14
Kr83   36   83  1.2546D-08  1.1759D+00  1.6462D-07  1.6198D-07  Se83:  1.1625D-14  Br83:  2.5147D-09  Rb83:  1.2333D-10
Kr84   36   84  6.2574D-08  1.0550D+00  7.3667D-07  7.3666D-07  Rb84:  1.0126D-11
Kr86   36   86  1.9374D-08  1.2795D+00  2.7661D-07  2.7661D-07
Rb85   37   85  1.4679D-08  1.1352D+00  1.8594D-07  1.6064D-07  Kr85:  2.5107D-08  Sr85:  1.9775D-10  Y85 :  2.6041D-15
Rb87   37   87  6.1834D-09  1.6485D+00  1.1375D-07  1.1374D-07  Kr87:  8.5393D-12
Sr84   38   84  2.5579D-10  1.7764D+00  5.0705D-09  5.0705D-09
Sr86   38   86  4.6312D-09  2.4305D+00  1.2560D-07  1.2057D-07  Rb86:  5.0314D-09  Y86 :  1.5662D-14
Sr87   38   87  3.2742D-09  1.9716D+00  7.2034D-08  7.2026D-08  Y87 :  7.7794D-12
Sr88   38   88  3.9706D-08  1.5064D+00  6.6742D-07  6.6741D-07  Rb88:  3.5636D-16  Y88 :  1.3503D-11
Y89    39   89  1.0626D-08  1.3022D+00  1.5440D-07  1.4564D-07  Sr89:  8.7556D-09
Zr90   40   90  1.2960D-08  1.1252D+00  1.6273D-07  1.5824D-07  Sr90:  3.7521D-09  Y90 :  7.3653D-10
Zr91   40   91  2.8577D-09  1.1906D+00  3.7965D-08  3.3633D-08  Sr91:  2.9633D-10  Y91 :  3.9970D-09  Nb91:  3.8060D-11
Zr92   40   92  4.4160D-09  1.0989D+00  5.4149D-08  5.4144D-08  Nb92:  4.7287D-12
Zr94   40   94  4.5725D-09  1.0287D+00  5.2490D-08  5.2490D-08
Zr96   40   96  7.5233D-10  2.0630D-01  1.7319D-09  1.7319D-09
Nb93   41   93  1.9745D-09  9.9194D-01  2.1855D-08  1.7618D-08  Zr93:  4.1370D-09  Mo93:  1.0073D-10
Mo92   42   92  7.4625D-10  9.4306D-01  7.8530D-09  7.8530D-09
Mo94   42   94  4.8037D-10  1.1549D+00  6.1904D-09  6.1847D-09  Nb94:  5.6857D-12
Mo95   42   95  8.4024D-10  1.0095D+00  9.4655D-09  8.4888D-09  Zr95:  9.3197D-10  Nb95:  4.4730D-11
Mo96   42   96  8.9379D-10  1.8489D+00  1.8440D-08  1.8438D-08  Nb96:  2.3816D-12
Mo97   42   97  5.1997D-10  3.1754D+00  1.8424D-08  1.8393D-08  Zr97:  2.8329D-11  Nb97:  3.0924D-12
Mo98   42   98  1.3349D-09  1.2946D+00  1.9284D-08  1.9284D-08
