nome    Z    A   solar       PF          YieldTot 
H       1    1  7.2155D-01  6.4738D-01  6.0612D+00  6.0612D+00
H2      1    2  2.9439D-05  4.3475D-13  1.6608D-16  1.6608D-16
He3     2    3  3.1196D-05  6.3694D-01  2.5783D-04  2.5783D-04  H3  :  2.3545D-31
He4     2    4  2.6500D-01  1.2762D+00  4.3884D+00  4.3884D+00
Li6     3    6  5.9602D-10  1.6859D-06  1.3039D-14  1.3039D-14
Li7     3    7  8.4661D-09  2.2067D-03  2.4242D-10  2.4238D-10  Be7 :  3.0875D-14
Be9     4    9  1.5889D-10  6.0848D-03  1.2546D-11  1.2546D-11
B10     5   10  7.3404D-10  8.0867D-03  7.7024D-11  7.7024D-11  Be10:  6.4156D-60
B11     5   11  3.2501D-09  6.8475D-02  2.8878D-09  2.8878D-09
C12     6   12  2.3514D-03  1.3834D+01  4.2209D-01  4.2209D-01
C13     6   13  2.8494D-05  3.1181D+00  1.1529D-03  1.1529D-03  N13 :  1.9035D-13
N14     7   14  6.9520D-04  5.3091D+00  4.7892D-02  4.7868D-02  C14 :  2.4534D-05
N15     7   15  1.7096D-06  1.5988D+00  3.5467D-05  3.5467D-05  O15 :  7.7003D-17
O16     8   16  5.7553D-03  1.9827D+01  1.4807D+00  1.4807D+00  N16 :  1.8019D-29
O17     8   17  2.3231D-06  9.1229D+00  2.7500D-04  2.7500D-04  F17 :  2.9074D-19
O18     8   18  1.2980D-05  5.0583D+01  8.5197D-03  8.5186D-03  F18 :  1.0251D-06
F19     9   19  5.0785D-07  1.4517D+00  9.5662D-06  9.5662D-06  O19 :  1.4017D-21
Ne20   10   20  1.1647D-03  3.4257D+00  5.1774D-02  5.1774D-02  F20 :  1.4010D-22
Ne21   10   21  2.9317D-06  2.5789D+01  9.8103D-04  9.8103D-04  Na21:  1.8014D-15
Ne22   10   22  9.4207D-05  2.1843D+01  2.6701D-02  2.6701D-02  Na22:  4.3903D-07
Na23   11   23  2.9424D-05  4.8764D+00  1.8618D-03  1.8618D-03  Ne23:  2.0204D-15  Mg23:  6.7692D-19
Mg24   12   24  5.5560D-04  4.4381D+00  3.1996D-02  3.1993D-02  Na24:  2.9150D-06
Mg25   12   25  7.3269D-05  4.8062D+00  4.5694D-03  4.5694D-03  Al25:  9.8089D-19
Mg26   12   26  8.3896D-05  1.0215D+01  1.1121D-02  1.1071D-02  Al26:  4.6586D-05  Alg6:  2.5638D-06  Alm6:  3.4117D-14
Al27   13   27  5.6020D-05  5.2762D+00  3.8353D-03  3.8353D-03  Mg27:  5.0430D-12  Si27:  1.5214D-19
Si28   14   28  6.1519D-04  2.1472D+01  1.7140D-01  1.7140D-01  Al28:  1.7814D-13
Si29   14   29  3.2353D-05  7.4472D+00  3.1264D-03  3.1264D-03  P29 :  4.6327D-20
Si30   14   30  2.2063D-05  1.7207D+01  4.9261D-03  4.9261D-03  P30 :  3.5664D-13
P31    15   31  5.8660D-06  1.2438D+01  9.4672D-04  9.4620D-04  Si31:  5.2007D-07  S31 :  2.2790D-23
S32    16   32  2.9480D-04  2.0514D+01  7.8472D-02  7.8469D-02  Si32:  1.3698D-07  P32 :  2.4340D-06
S33    16   33  2.4339D-06  1.2612D+01  3.9833D-04  3.9699D-04  P33 :  1.3326D-06  Cl33:  5.5824D-24
S34    16   34  1.4155D-05  1.4971D+01  2.7497D-03  2.7497D-03  P34 :  4.3539D-22  Cl34:  2.5427D-25
S36    16   36  6.9873D-08  2.8926D+00  2.6226D-06  2.6226D-06
Cl35   17   35  6.1745D-06  2.7699D+00  2.2192D-04  2.2065D-04  S35 :  1.2729D-06
Cl37   17   37  2.0862D-06  3.3313D+00  9.0178D-05  6.5300D-05  S37 :  3.7804D-18  Ar37:  2.4878D-05  K37 :  1.3364D-32
Ar36   18   36  5.6315D-05  1.8368D+01  1.3422D-02  1.3419D-02  Cl36:  3.2378D-06
Ar38   18   38  1.0808D-05  9.9119D+00  1.3901D-03  1.3901D-03  Cl38:  1.0882D-10  K38 :  1.9210D-15
Ar40   18   40  1.8196D-08  2.9040D+00  6.8566D-07  6.8566D-07
K39    19   39  2.8651D-06  3.5197D+00  1.3085D-04  1.2950D-04  Ar39:  1.3559D-06
K40    19   40  4.6383D-09  2.5310D+01  1.5233D-06  1.5233D-06
K41    19   41  2.1737D-07  7.9028D+00  2.2290D-05  3.9967D-06  Ar41:  4.7068D-09  Ca41:  1.8289D-05  Sc41:  3.1567D-46
Ca40   20   40  6.2452D-05  1.3634D+01  1.1048D-02  1.1048D-02
Ca42   20   42  4.3765D-07  1.0255D+01  5.8239D-05  5.7915D-05  K42 :  3.2359D-07  Sc42:  4.7553D-40
Ca43   20   43  9.3493D-08  4.2323D+00  5.1344D-06  5.1187D-06  Sc43:  1.5688D-08
Ca44   20   44  1.4782D-06  1.9082D+00  3.6603D-05  2.5749D-05  Sc44:  8.5480D-09  Ti44:  1.0845D-05
Ca46   20   46  2.9634D-09  1.9130D+01  7.3559D-07  7.3559D-07
Ca48   20   48  1.4456D-07  9.2822D-01  1.7412D-06  1.7412D-06
Sc45   21   45  4.6794D-08  5.8309D+00  3.5405D-06  2.2477D-06  Ca45:  1.2490D-06  Ti45:  4.3706D-08  V45 :  1.1766D-52
Ti46   22   46  2.4899D-07  7.8011D+00  2.5205D-05  2.4906D-05  Sc46:  2.9859D-07  V46 :  5.9180D-56
Ti47   22   47  2.2943D-07  1.6013D+00  4.7670D-06  4.4765D-06  Ca47:  1.2074D-07  Sc47:  1.6973D-07  V47 :  5.7650D-11
Ti48   22   48  2.3217D-06  4.8458D+00  1.4599D-04  2.7674D-05  Sc48:  8.1844D-08  V48 :  9.7397D-08  Cr48:  1.1813D-04
Ti49   22   49  1.7393D-07  6.0178D+00  1.3581D-05  4.1565D-06  Ca49:  8.3536D-17  Sc49:  1.8728D-10  V49 :  9.4065D-06  Cr49:  1.8241D-08
Ti50   22   50  1.6993D-07  2.2366D+00  4.9318D-06  4.9318D-06
V50    23   50  7.8323D-10  1.6005D+01  1.6266D-07  1.6266D-07
V51    23   51  3.1876D-07  7.1115D+00  2.9414D-05  4.2976D-06  Ti51:  3.9480D-15  Cr51:  2.5054D-05  Mn51:  6.2291D-08
Cr50   24   50  6.9813D-07  1.3624D+01  1.2342D-04  1.2342D-04  Mn50:  6.4156D-60
Cr52   24   52  1.4001D-05  1.2000D+01  2.1801D-03  1.8324D-04  V52 :  1.6250D-15  Mn52:  5.0106D-04  Fe52:  1.4958D-03
Cr53   24   53  1.6182D-06  1.1022D+01  2.3144D-04  1.8581D-05  Mn53:  2.1286D-04  Fe53:  4.3825D-15
Cr54   24   54  4.1040D-07  2.7133D+00  1.4449D-05  1.4148D-05  Mn54:  3.0114D-07
Mn55   25   55  1.0898D-05  8.9000D+00  1.2585D-03  1.4005D-04  Cr55:  1.1373D-14  Fe55:  2.3027D-04  Co55:  8.8821D-04
Fe54   26   54  7.3478D-05  1.0284D+01  9.8055D-03  9.8055D-03  Co54:  6.4156D-60
Fe56   26   56  1.1962D-03  7.4780D+00  1.1607D-01  1.3872D-02  Mn56:  1.2981D-07  Co56:  4.1130D-06  Ni56:  1.0219D-01
Fe57   26   57  2.8118D-05  8.1434D+00  2.9712D-03  5.6283D-04  Mn57:  1.6816D-19  Co57:  1.3119D-04  Ni57:  2.2771D-03  Cu57:  6.4156D-60
Fe58   26   58  3.8076D-06  1.2142D+01  5.9989D-04  5.9616D-04  Co58:  3.7299D-06
Co59   27   59  4.2445D-06  6.9243D+00  3.8136D-04  2.0867D-04  Fe59:  6.1417D-05  Ni59:  1.1128D-04  Cu59:  9.3686D-19
Ni58   28   58  4.8240D-05  6.4020D+00  4.0073D-03  4.0073D-03  Cu58:  7.9804D-39
Ni60   28   60  1.9223D-05  6.2970D+00  1.5707D-03  1.4995D-03  Fe60:  5.7592D-05  Co60:  1.3521D-05  Cu60:  2.2517D-08  Zn60:  8.5354D-25
Ni61   28   61  8.4952D-07  1.1669D+01  1.2863D-04  1.0583D-04  Fe61:  7.7141D-17  Co61:  1.0669D-06  Cu61:  2.1728D-05  Zn61:  9.9393D-25
Ni62   28   62  2.7531D-06  1.6086D+01  5.7464D-04  2.2936D-04  Cu62:  2.5519D-07  Zn62:  3.4502D-04  Ga62:  6.4156D-60
Ni64   28   64  7.2374D-07  4.0704D+00  3.8226D-05  3.8226D-05
Cu63   29   63  4.9686D-07  5.5597D+00  3.5845D-05  1.5580D-05  Ni63:  2.0264D-05  Zn63:  4.4243D-10  Ga63:  3.3135D-33
Cu65   29   65  2.2849D-07  7.8631D+00  2.3313D-05  2.0968D-05  Ni65:  5.1332D-07  Zn65:  1.8314D-06  Ga65:  6.3323D-14  Ge65:  7.1882D-37
Zn64   30   64  8.3188D-07  2.1168D+00  2.2849D-05  2.1834D-05  Cu64:  1.0154D-06  Ga64:  3.4751D-27  Ge64:  8.1055D-35
Zn66   30   66  4.9218D-07  4.5711D+00  2.9193D-05  2.5205D-05  Cu66:  2.4687D-13  Ga66:  3.3351D-06  Ge66:  6.5347D-07
Zn67   30   67  7.3424D-08  2.7380D+00  2.6086D-06  2.5907D-06  Ga67:  1.7931D-08  Ge67:  1.2269D-15
Zn68   30   68  3.4079D-07  3.0887D+00  1.3659D-05  1.3651D-05  Ga68:  7.7598D-11  Ge68:  7.1890D-09
Zn70   30   70  1.1600D-08  9.3449D+00  1.4066D-06  1.4066D-06
Ga69   31   69  3.3478D-08  4.8003D+00  2.0853D-06  2.0820D-06  Zn69:  1.4889D-09  Ge69:  1.7926D-09
Ga71   31   71  2.2862D-08  5.0042D+00  1.4846D-06  1.3847D-06  Zn71:  2.7199D-18  Ge71:  9.9780D-08  As71:  3.2096D-11
Ge70   32   70  4.7971D-08  3.4577D+00  2.1523D-06  2.1523D-06  Ga70:  6.0136D-13
Ge72   32   72  6.5204D-08  2.4737D+00  2.0929D-06  1.9989D-06  Ga72:  9.3933D-08  As72:  7.2163D-11
Ge73   32   73  1.8556D-08  1.6689D+00  4.0184D-07  3.9313D-07  As73:  8.7157D-09
Ge74   32   74  8.8283D-08  1.7932D+00  2.0542D-06  2.0521D-06  As74:  2.0454D-09
Ge76   32   76  1.9019D-08  1.5880D+00  3.9188D-07  3.9188D-07
As75   33   75  1.1016D-08  2.9134D+00  4.1646D-07  4.1074D-07  Ge75:  5.2351D-10  Se75:  5.1938D-09  Br75:  2.9600D-15
Se74   34   74  1.0607D-09  4.7459D+00  6.5322D-08  6.5322D-08
Se76   34   76  1.1469D-08  2.8245D+00  4.2035D-07  4.1469D-07  As76:  5.6544D-09  Br76:  1.9995D-12
Se77   34   77  9.4622D-09  2.8447D+00  3.4928D-07  1.7121D-07  Ge77:  6.0758D-08  As77:  1.1717D-07  Br77:  1.3887D-10
Se78   34   78  2.9861D-08  1.4077D+00  5.4545D-07  5.4545D-07  Br78:  7.5764D-18
Se80   34   80  6.3920D-08  1.0236D+00  8.4896D-07  8.4896D-07
Se82   34   82  1.1529D-08  1.2892D+00  1.9287D-07  1.9287D-07
Br79   35   79  1.0222D-08  1.2284D+00  1.6293D-07  1.2190D-07  Se79:  4.0900D-08  Kr79:  1.3703D-10  Rb79:  1.9684D-19
Br81   35   81  1.0195D-08  1.2807D+00  1.6943D-07  1.5086D-07  Se81:  7.6202D-16  Kr81:  1.8566D-08  Rb81:  1.3457D-13
Kr78   36   78  3.6964D-10  1.1645D+00  5.5854D-09  5.5854D-09
Kr80   36   80  2.4360D-09  2.9079D+00  9.1917D-08  9.1917D-08  Br80:  5.2918D-14  Rb80:  1.5438D-24
Kr82   36   82  1.2511D-08  1.9097D+00  3.1003D-07  3.0870D-07  Br82:  1.3261D-09  Rb82:  1.0354D-13
Kr83   36   83  1.2546D-08  1.3858D+00  2.2559D-07  2.1908D-07  Se83:  5.5274D-14  Br83:  6.3001D-09  Rb83:  2.1560D-10
Kr84   36   84  6.2574D-08  1.1278D+00  9.1572D-07  9.1570D-07  Rb84:  2.0253D-11
Kr86   36   86  1.9374D-08  1.4080D+00  3.5395D-07  3.5395D-07
Rb85   37   85  1.4679D-08  1.2267D+00  2.3366D-07  1.9396D-07  Kr85:  3.9404D-08  Sr85:  3.0359D-10  Y85 :  3.0450D-15
Rb87   37   87  6.1834D-09  2.0517D+00  1.6462D-07  1.6459D-07  Kr87:  2.7631D-11
Sr84   38   84  2.5579D-10  1.9613D+00  6.5098D-09  6.5098D-09
Sr86   38   86  4.6312D-09  2.9688D+00  1.7841D-07  1.6868D-07  Rb86:  9.7266D-09  Y86 :  2.1455D-14
Sr87   38   87  3.2742D-09  2.4016D+00  1.0203D-07  1.0202D-07  Y87 :  1.1505D-11
Sr88   38   88  3.9706D-08  1.8239D+00  9.3968D-07  9.3965D-07  Rb88:  1.1017D-15  Y88 :  2.2700D-11
Y89    39   89  1.0626D-08  1.5171D+00  2.0917D-07  1.8922D-07  Sr89:  1.9958D-08
Zr90   40   90  1.2960D-08  1.2859D+00  2.1625D-07  1.9632D-07  Sr90:  1.8872D-08  Y90 :  1.0514D-09
Zr91   40   91  2.8577D-09  1.4248D+00  5.2832D-08  4.0501D-08  Sr91:  1.7755D-09  Y91 :  1.0500D-08  Nb91:  5.5824D-11
Zr92   40   92  4.4160D-09  1.1554D+00  6.6207D-08  6.6201D-08  Nb92:  6.1923D-12
Zr94   40   94  4.5725D-09  1.0520D+00  6.2415D-08  6.2415D-08
Zr96   40   96  7.5233D-10  6.2670D-01  6.1179D-09  6.1179D-09
Nb93   41   93  1.9745D-09  1.0020D+00  2.5672D-08  1.9577D-08  Zr93:  5.9320D-09  Mo93:  1.6299D-10
Mo92   42   92  7.4625D-10  9.7844D-01  9.4745D-09  9.4745D-09
Mo94   42   94  4.8037D-10  1.2154D+00  7.5759D-09  7.5679D-09  Nb94:  8.0117D-12
Mo95   42   95  8.4024D-10  1.0199D+00  1.1120D-08  9.5581D-09  Zr95:  1.5245D-09  Nb95:  3.7646D-11
Mo96   42   96  8.9379D-10  1.8867D+00  2.1882D-08  2.1881D-08  Nb96:  7.9365D-13
Mo97   42   97  5.1997D-10  4.0494D+00  2.7321D-08  2.7205D-08  Zr97:  1.0810D-10  Nb97:  8.1986D-12
Mo98   42   98  1.3349D-09  1.4730D+00  2.5513D-08  2.5513D-08
