nome    Z    A   solar       PF          YieldTot 
H       1    1  7.2155D-01  5.8208D-01  7.5923D+00  7.5923D+00
H2      1    2  2.9439D-05  3.6124D-13  1.9224D-16  1.9224D-16
He3     2    3  3.1196D-05  5.8048D-01  3.2735D-04  3.2735D-04  H3  :  4.3357D-31
He4     2    4  2.6500D-01  1.1525D+00  5.5212D+00  5.5212D+00
Li6     3    6  5.9602D-10  2.7405D-06  2.9527D-14  2.9527D-14
Li7     3    7  8.4661D-09  4.4239D-03  6.7704D-10  6.7080D-10  Be7 :  6.2419D-12
Be9     4    9  1.5889D-10  1.0793D-02  3.1002D-11  3.1002D-11
B10     5   10  7.3404D-10  1.3403D-02  1.7784D-10  1.7784D-10  Be10:  5.4677D-60
B11     5   11  3.2501D-09  6.9127D-02  4.0613D-09  4.0613D-09
C12     6   12  2.3514D-03  1.8676D+01  7.9384D-01  7.9384D-01
C13     6   13  2.8494D-05  6.1066D+00  3.1455D-03  3.1455D-03  N13 :  2.7280D-13
N14     7   14  6.9520D-04  5.6383D+00  7.0857D-02  7.0846D-02  C14 :  1.0855D-05
N15     7   15  1.7096D-06  2.9426D-01  9.0941D-06  9.0941D-06  O15 :  4.0188D-15
O16     8   16  5.7553D-03  2.6230D+01  2.7289D+00  2.7289D+00  N16 :  1.2484D-30
O17     8   17  2.3231D-06  4.6076D+00  1.9349D-04  1.9349D-04  F17 :  1.4723D-17
O18     8   18  1.2980D-05  7.8025D-01  1.8308D-04  1.8304D-04  F18 :  4.1477D-08
F19     9   19  5.0785D-07  3.0780D+00  2.8257D-05  2.8257D-05  O19 :  3.2908D-24
Ne20   10   20  1.1647D-03  2.4877D+01  5.2379D-01  5.2379D-01  F20 :  1.5793D-25
Ne21   10   21  2.9317D-06  3.5220D+01  1.8665D-03  1.8665D-03  Na21:  2.9551D-17
Ne22   10   22  9.4207D-05  2.3745D+01  4.0436D-02  4.0432D-02  Na22:  4.6645D-06
Na23   11   23  2.9424D-05  2.2639D+01  1.2042D-02  1.2042D-02  Ne23:  1.8898D-17  Mg23:  3.0065D-24
Mg24   12   24  5.5560D-04  8.4264D+00  8.4631D-02  8.4627D-02  Na24:  3.8300D-06
Mg25   12   25  7.3269D-05  1.1572D+01  1.5327D-02  1.5327D-02  Al25:  2.2803D-18
Mg26   12   26  8.3896D-05  1.6473D+01  2.4983D-02  2.4916D-02  Al26:  6.3558D-05  Alg6:  3.2031D-06  Alm6:  6.4546D-17
Al27   13   27  5.6020D-05  1.7957D+01  1.8185D-02  1.8185D-02  Mg27:  9.7090D-15  Si27:  1.3740D-22
Si28   14   28  6.1519D-04  2.3459D+01  2.6089D-01  2.6089D-01  Al28:  1.6903D-16
Si29   14   29  3.2353D-05  7.6260D+00  4.4601D-03  4.4601D-03  P29 :  1.4008D-21
Si30   14   30  2.2063D-05  1.1227D+01  4.4779D-03  4.4779D-03  P30 :  1.0531D-15
P31    15   31  5.8660D-06  1.1426D+01  1.2116D-03  1.2113D-03  Si31:  3.5876D-07  S31 :  1.6952D-30
S32    16   32  2.9480D-04  2.8472D+01  1.5173D-01  1.5173D-01  Si32:  7.5532D-08  P32 :  4.4738D-06
S33    16   33  2.4339D-06  1.7206D+01  7.5705D-04  7.5583D-04  P33 :  1.2212D-06  Cl33:  1.7520D-23
S34    16   34  1.4155D-05  1.5765D+01  4.0339D-03  4.0339D-03  P34 :  1.3395D-24  Cl34:  4.0804D-27
S36    16   36  6.9873D-08  4.2079D+00  5.3150D-06  5.3150D-06
Cl35   17   35  6.1745D-06  4.6827D+00  5.2267D-04  5.1997D-04  S35 :  2.6964D-06
Cl37   17   37  2.0862D-06  6.5286D+00  2.4621D-04  1.3194D-04  S37 :  1.1089D-20  Ar37:  1.1427D-04  K37 :  1.8218D-31
Ar36   18   36  5.6315D-05  2.7904D+01  2.8406D-02  2.8401D-02  Cl36:  5.3697D-06
Ar38   18   38  1.0808D-05  2.8299D+01  5.5289D-03  5.5289D-03  Cl38:  1.3483D-11  K38 :  3.9371D-19
Ar40   18   40  1.8196D-08  3.9782D+00  1.3085D-06  1.3085D-06
K39    19   39  2.8651D-06  1.1316D+01  5.8607D-04  5.8168D-04  Ar39:  4.3908D-06
K40    19   40  4.6383D-09  3.6259D+01  3.0402D-06  3.0402D-06
K41    19   41  2.1737D-07  1.8446D+01  7.2480D-05  7.3195D-06  Ar41:  2.4429D-10  Ca41:  6.5160D-05  Sc41:  2.8797D-46
Ca40   20   40  6.2452D-05  2.1078D+01  2.3796D-02  2.3796D-02
Ca42   20   42  4.3765D-07  3.4461D+01  2.7264D-04  2.7256D-04  K42 :  8.1558D-08  Sc42:  1.0673D-41
Ca43   20   43  9.3493D-08  8.6447D+00  1.4610D-05  1.4585D-05  Sc43:  2.4707D-08
Ca44   20   44  1.4782D-06  2.4995D+00  6.6793D-05  5.0643D-05  Sc44:  1.7226D-08  Ti44:  1.6133D-05
Ca46   20   46  2.9634D-09  1.7029D+01  9.1224D-07  9.1224D-07
Ca48   20   48  1.4456D-07  9.2211D-01  2.4097D-06  2.4097D-06
Sc45   21   45  4.6794D-08  1.0014D+01  8.4712D-06  5.2684D-06  Ca45:  2.9218D-06  Ti45:  2.8104D-07  V45 :  1.7382D-50
Ti46   22   46  2.4899D-07  2.3848D+01  1.0734D-04  1.0661D-04  Sc46:  7.3248D-07  V46 :  5.9706D-60
Ti47   22   47  2.2943D-07  1.7865D+00  7.4094D-06  7.2137D-06  Ca47:  2.0597D-08  Sc47:  1.7504D-07  V47 :  9.3557D-11
Ti48   22   48  2.3217D-06  3.5676D+00  1.4973D-04  3.5054D-05  Sc48:  3.0695D-08  V48 :  3.0043D-07  Cr48:  1.1434D-04
Ti49   22   49  1.7393D-07  5.6876D+00  1.7882D-05  6.9662D-06  Ca49:  2.1726D-19  Sc49:  1.9358D-11  V49 :  1.0892D-05  Cr49:  2.4001D-08
Ti50   22   50  1.6993D-07  3.5325D+00  1.0851D-05  1.0851D-05
V50    23   50  7.8323D-10  1.3377D+01  1.8940D-07  1.8940D-07
V51    23   51  3.1876D-07  6.5349D+00  3.7656D-05  5.4649D-06  Ti51:  1.0500D-17  Cr51:  3.2106D-05  Mn51:  8.4221D-08
Cr50   24   50  6.9813D-07  1.8467D+01  2.3305D-04  2.3305D-04  Mn50:  5.4677D-60
Cr52   24   52  1.4001D-05  8.6355D+00  2.1857D-03  2.4219D-04  V52 :  3.9825D-18  Mn52:  4.8810D-04  Fe52:  1.4554D-03
Cr53   24   53  1.6182D-06  8.7652D+00  2.5640D-04  2.6652D-05  Mn53:  2.2974D-04  Fe53:  9.1437D-17
Cr54   24   54  4.1040D-07  4.0147D+00  2.9784D-05  2.9463D-05  Mn54:  3.2075D-07
Mn55   25   55  1.0898D-05  7.4766D+00  1.4729D-03  1.7518D-04  Cr55:  3.2585D-17  Fe55:  2.9906D-04  Co55:  9.9867D-04
Fe54   26   54  7.3478D-05  1.0001D+01  1.3284D-02  1.3284D-02  Co54:  5.4677D-60
Fe56   26   56  1.1962D-03  5.6242D+00  1.2161D-01  1.8168D-02  Mn56:  5.4361D-08  Co56:  5.7900D-06  Ni56:  1.0344D-01
Fe57   26   57  2.8118D-05  6.7497D+00  3.4308D-03  9.9462D-04  Mn57:  4.9008D-25  Co57:  1.4171D-04  Ni57:  2.2945D-03  Cu57:  5.4677D-60
Fe58   26   58  3.8076D-06  2.1409D+01  1.4736D-03  1.4696D-03  Co58:  3.9688D-06
Co59   27   59  4.2445D-06  1.0049D+01  7.7102D-04  5.4780D-04  Fe59:  1.0403D-04  Ni59:  1.1919D-04  Cu59:  2.3567D-21
Ni58   28   58  4.8240D-05  4.9950D+00  4.3558D-03  4.3558D-03  Cu58:  3.5646D-42
Ni60   28   60  1.9223D-05  4.9007D+00  1.7029D-03  1.6321D-03  Fe60:  4.0621D-05  Co60:  3.0204D-05  Cu60:  3.0809D-08  Zn60:  2.5195D-22
Ni61   28   61  8.4952D-07  1.3808D+01  2.1205D-04  1.9272D-04  Fe61:  1.3839D-20  Co61:  5.8447D-07  Cu61:  1.8743D-05  Zn61:  3.1066D-33
Ni62   28   62  2.7531D-06  1.6180D+01  8.0523D-04  4.9608D-04  Cu62:  2.2735D-07  Zn62:  3.0893D-04  Ga62:  5.4677D-60
Ni64   28   64  7.2374D-07  6.6250D+00  8.6675D-05  8.6675D-05
Cu63   29   63  4.9686D-07  1.2612D+01  1.1327D-04  2.3888D-05  Ni63:  8.9386D-05  Zn63:  4.5726D-10  Ga63:  1.0832D-35
Cu65   29   65  2.2849D-07  9.9379D+00  4.1048D-05  3.6483D-05  Ni65:  2.7378D-08  Zn65:  4.5375D-06  Ga65:  1.0405D-13  Ge65:  6.1574D-52
Zn64   30   64  8.3188D-07  2.3272D+00  3.4996D-05  3.3409D-05  Cu64:  1.5871D-06  Ga64:  4.5207D-35  Ge64:  2.2129D-47
Zn66   30   66  4.9218D-07  5.3905D+00  4.7960D-05  4.4643D-05  Cu66:  5.3467D-16  Ga66:  2.7650D-06  Ge66:  5.5148D-07
Zn67   30   67  7.3424D-08  7.3069D+00  9.6984D-06  9.6679D-06  Ga67:  3.0467D-08  Ge67:  1.8225D-15
Zn68   30   68  3.4079D-07  5.8645D+00  3.6128D-05  3.6115D-05  Ga68:  1.6665D-10  Ge68:  1.2867D-08
Zn70   30   70  1.1600D-08  3.6373D+00  7.6274D-07  7.6274D-07
Ga69   31   69  3.3478D-08  8.6313D+00  5.2235D-06  5.2185D-06  Zn69:  1.5538D-09  Ge69:  3.4502D-09
Ga71   31   71  2.2862D-08  7.7254D+00  3.1928D-06  2.3456D-06  Zn71:  1.0719D-20  Ge71:  8.4701D-07  As71:  1.3923D-10
Ge70   32   70  4.7971D-08  6.6211D+00  5.7416D-06  5.7416D-06  Ga70:  9.8793D-13
Ge72   32   72  6.5204D-08  4.1349D+00  4.8738D-06  4.8154D-06  Ga72:  5.8205D-08  As72:  2.1534D-10
Ge73   32   73  1.8556D-08  4.9334D+00  1.6548D-06  1.6388D-06  As73:  1.6064D-08
Ge74   32   74  8.8283D-08  3.0886D+00  4.9291D-06  4.9252D-06  As74:  3.9062D-09
Ge76   32   76  1.9019D-08  1.4727D+00  5.0630D-07  5.0630D-07
As75   33   75  1.1016D-08  4.5092D+00  8.9798D-07  8.8684D-07  Ge75:  1.0460D-09  Se75:  1.0099D-08  Br75:  1.0446D-14
Se74   34   74  1.0607D-09  2.8140D+00  5.3958D-08  5.3958D-08
Se76   34   76  1.1469D-08  4.4607D+00  9.2483D-07  8.2093D-07  As76:  1.0389D-07  Br76:  7.0973D-12
Se77   34   77  9.4622D-09  4.3916D+00  7.5117D-07  5.1794D-07  Ge77:  1.1456D-09  As77:  2.3168D-07  Br77:  4.1569D-10
Se78   34   78  2.9861D-08  2.4234D+00  1.3082D-06  1.3082D-06  Br78:  4.2037D-21
Se80   34   80  6.3920D-08  1.7065D+00  1.9719D-06  1.9719D-06
Se82   34   82  1.1529D-08  1.4131D+00  2.9450D-07  2.9450D-07
Br79   35   79  1.0222D-08  3.1052D+00  5.7378D-07  1.6245D-07  Se79:  4.1125D-07  Kr79:  8.5213D-11  Rb79:  1.9246D-20
Br81   35   81  1.0195D-08  1.9731D+00  3.6364D-07  3.3538D-07  Se81:  1.7214D-15  Kr81:  2.8260D-08  Rb81:  9.2480D-13
Kr78   36   78  3.6964D-10  1.0995D+00  7.3471D-09  7.3471D-09
Kr80   36   80  2.4360D-09  2.3871D+00  1.0512D-07  1.0512D-07  Br80:  9.7514D-15  Rb80:  3.2211D-37
Kr82   36   82  1.2511D-08  2.6674D+00  6.0327D-07  5.8556D-07  Br82:  1.7708D-08  Rb82:  4.1022D-13
Kr83   36   83  1.2546D-08  1.8694D+00  4.2395D-07  4.1703D-07  Se83:  2.8938D-15  Br83:  6.6542D-09  Rb83:  2.6129D-10
Kr84   36   84  6.2574D-08  1.5376D+00  1.7392D-06  1.7392D-06  Rb84:  2.6417D-11
Kr86   36   86  1.9374D-08  1.8161D+00  6.3602D-07  6.3602D-07
Rb85   37   85  1.4679D-08  1.8332D+00  4.8646D-07  2.7170D-07  Kr85:  2.1451D-07  Sr85:  2.4631D-10  Y85 :  7.2159D-14
Rb87   37   87  6.1834D-09  2.7801D+00  3.1075D-07  3.1075D-07  Kr87:  1.2130D-12
Sr84   38   84  2.5579D-10  5.5994D+00  2.5892D-08  2.5892D-08
Sr86   38   86  4.6312D-09  3.6926D+00  3.0914D-07  2.7554D-07  Rb86:  3.3604D-08  Y86 :  1.1448D-13
Sr87   38   87  3.2742D-09  3.4509D+00  2.0425D-07  2.0419D-07  Y87 :  5.6121D-11
Sr88   38   88  3.9706D-08  2.5009D+00  1.7950D-06  1.7950D-06  Rb88:  5.6317D-16  Y88 :  3.9134D-11
Y89    39   89  1.0626D-08  2.0912D+00  4.0169D-07  3.2337D-07  Sr89:  7.8321D-08
Zr90   40   90  1.2960D-08  1.7721D+00  4.1517D-07  3.8787D-07  Sr90:  2.3302D-08  Y90 :  4.0013D-09
Zr91   40   91  2.8577D-09  1.8880D+00  9.7530D-08  7.4033D-08  Sr91:  1.0486D-10  Y91 :  2.3197D-08  Nb91:  1.9535D-10
Zr92   40   92  4.4160D-09  1.4083D+00  1.1242D-07  1.1241D-07  Nb92:  1.0626D-11
Zr94   40   94  4.5725D-09  1.2301D+00  1.0167D-07  1.0167D-07
Zr96   40   96  7.5233D-10  9.2824D-01  1.2624D-08  1.2624D-08
Nb93   41   93  1.9745D-09  1.3027D+00  4.6499D-08  2.5231D-08  Zr93:  2.1141D-08  Mo93:  1.2644D-10
Mo92   42   92  7.4625D-10  7.9751D-01  1.0758D-08  1.0758D-08
Mo94   42   94  4.8037D-10  1.0052D+00  8.7287D-09  8.7205D-09  Nb94:  8.1888D-12
Mo95   42   95  8.4024D-10  1.3846D+00  2.1031D-08  1.2133D-08  Zr95:  8.4926D-09  Nb95:  4.0537D-10
Mo96   42   96  8.9379D-10  1.7800D+00  2.8759D-08  2.8714D-08  Nb96:  4.5188D-11
Mo97   42   97  5.1997D-10  4.9289D+00  4.6329D-08  4.6309D-08  Zr97:  1.8258D-11  Nb97:  1.9853D-12
Mo98   42   98  1.3349D-09  2.9065D+00  7.0135D-08  7.0135D-08
