nome    Z    A   solar       PF          YieldTot 
H       1    1  7.2155D-01  5.5938D-01  9.1151D+00  9.1151D+00
H2      1    2  2.9439D-05  3.2699D-13  2.1739D-16  2.1739D-16
He3     2    3  3.1196D-05  5.7005D-01  4.0160D-04  4.0160D-04  H3  :  3.0391D-30
He4     2    4  2.6500D-01  1.1841D+00  7.0865D+00  7.0865D+00
Li6     3    6  5.9602D-10  2.6985D-06  3.6322D-14  3.6322D-14
Li7     3    7  8.4661D-09  5.3093D-03  1.0151D-09  9.8916D-10  Be7 :  2.5944D-11
Be9     4    9  1.5889D-10  1.3604D-02  4.8815D-11  4.8815D-11
B10     5   10  7.3404D-10  1.7066D-02  2.8291D-10  2.8291D-10  Be10:  6.8293D-60
B11     5   11  3.2501D-09  7.6470D-02  5.6127D-09  5.6127D-09
C12     6   12  2.3514D-03  2.0850D+01  1.1072D+00  1.1072D+00
C13     6   13  2.8494D-05  5.6935D+00  3.6637D-03  3.6637D-03  N13 :  1.3354D-12
N14     7   14  6.9520D-04  7.2615D+00  1.1400D-01  1.1397D-01  C14 :  3.0690D-05
N15     7   15  1.7096D-06  1.3627D+00  5.2612D-05  5.2612D-05  O15 :  2.3202D-14
O16     8   16  5.7553D-03  2.9226D+01  3.7986D+00  3.7986D+00  N16 :  1.3792D-28
O17     8   17  2.3231D-06  7.9431D+00  4.1672D-04  4.1672D-04  F17 :  9.7408D-17
O18     8   18  1.2980D-05  1.4031D+00  4.1129D-04  4.1004D-04  F18 :  1.2513D-06
F19     9   19  5.0785D-07  7.7891D+00  8.9332D-05  8.9332D-05  O19 :  1.0779D-20
Ne20   10   20  1.1647D-03  1.2283D+01  3.2308D-01  3.2308D-01  F20 :  1.8819D-20
Ne21   10   21  2.9317D-06  5.8529D+01  3.8750D-03  3.8750D-03  Na21:  1.2203D-14
Ne22   10   22  9.4207D-05  4.3411D+01  9.2356D-02  9.2354D-02  Na22:  1.6768D-06
Na23   11   23  2.9424D-05  1.3190D+01  8.7649D-03  8.7649D-03  Ne23:  4.8260D-14  Mg23:  7.6096D-15
Mg24   12   24  5.5560D-04  7.4157D+00  9.3046D-02  9.3037D-02  Na24:  9.1090D-06
Mg25   12   25  7.3269D-05  1.1072D+01  1.8321D-02  1.8321D-02  Al25:  1.1025D-17
Mg26   12   26  8.3896D-05  2.1697D+01  4.1107D-02  4.1000D-02  Al26:  1.0511D-04  Alg6:  2.7319D-06  Alm6:  4.8554D-13
Al27   13   27  5.6020D-05  1.2517D+01  1.5835D-02  1.5835D-02  Mg27:  5.2220D-11  Si27:  2.4414D-15
Si28   14   28  6.1519D-04  2.6161D+01  3.6346D-01  3.6346D-01  Al28:  1.4673D-11
Si29   14   29  3.2353D-05  1.1413D+01  8.3391D-03  8.3391D-03  P29 :  4.7509D-19
Si30   14   30  2.2063D-05  2.8974D+01  1.4436D-02  1.4436D-02  P30 :  2.5836D-11
P31    15   31  5.8660D-06  2.0558D+01  2.7234D-03  2.7223D-03  Si31:  1.0739D-06  S31 :  2.0292D-18
S32    16   32  2.9480D-04  2.1921D+01  1.4594D-01  1.4593D-01  Si32:  8.3283D-08  P32 :  6.0177D-06
S33    16   33  2.4339D-06  2.0037D+01  1.1014D-03  1.0986D-03  P33 :  2.8197D-06  Cl33:  1.1978D-22
S34    16   34  1.4155D-05  2.4067D+01  7.6936D-03  7.6936D-03  P34 :  1.5696D-19  Cl34:  9.9229D-24
S36    16   36  6.9873D-08  3.2379D+00  5.1094D-06  5.1094D-06
Cl35   17   35  6.1745D-06  3.9342D+00  5.4858D-04  5.4510D-04  S35 :  3.4824D-06
Cl37   17   37  2.0862D-06  5.0469D+00  2.3778D-04  1.8504D-04  S37 :  3.3923D-17  Ar37:  5.2735D-05  K37 :  3.1415D-31
Ar36   18   36  5.6315D-05  1.7672D+01  2.2474D-02  2.2465D-02  Cl36:  9.3527D-06
Ar38   18   38  1.0808D-05  1.3844D+01  3.3790D-03  3.3790D-03  Cl38:  8.4510D-11  K38 :  4.7496D-14
Ar40   18   40  1.8196D-08  3.3430D+00  1.3737D-06  1.3737D-06
K39    19   39  2.8651D-06  3.8020D+00  2.4600D-04  2.4203D-04  Ar39:  3.9733D-06
K40    19   40  4.6383D-09  4.3184D+01  4.5234D-06  4.5234D-06
K41    19   41  2.1737D-07  1.0082D+01  4.9490D-05  9.4300D-06  Ar41:  6.3691D-10  Ca41:  4.0059D-05  Sc41:  3.0397D-46
Ca40   20   40  6.2452D-05  1.2494D+01  1.7621D-02  1.7621D-02
Ca42   20   42  4.3765D-07  1.5185D+01  1.5008D-04  1.4992D-04  K42 :  1.5801D-07  Sc42:  4.4875D-39
Ca43   20   43  9.3493D-08  9.1806D+00  1.9384D-05  1.9376D-05  Sc43:  8.1938D-09
Ca44   20   44  1.4782D-06  2.4709D+00  8.2489D-05  7.3531D-05  Sc44:  1.6346D-08  Ti44:  8.9414D-06
Ca46   20   46  2.9634D-09  1.3848D+01  9.2675D-07  9.2675D-07
Ca48   20   48  1.4456D-07  9.0258D-01  2.9467D-06  2.9467D-06
Sc45   21   45  4.6794D-08  1.0147D+01  1.0723D-05  8.0160D-06  Ca45:  2.6411D-06  Ti45:  6.5901D-08  V45 :  5.9953D-51
Ti46   22   46  2.4899D-07  1.0525D+01  5.9185D-05  5.8009D-05  Sc46:  1.1764D-06  V46 :  3.9936D-52
Ti47   22   47  2.2943D-07  2.3474D+00  1.2163D-05  1.1663D-05  Ca47:  3.3653D-08  Sc47:  4.6561D-07  V47 :  8.3560D-11
Ti48   22   48  2.3217D-06  3.9573D+00  2.0748D-04  5.0534D-05  Sc48:  9.1975D-08  V48 :  2.2273D-07  Cr48:  1.5664D-04
Ti49   22   49  1.7393D-07  6.7666D+00  2.6578D-05  9.7540D-06  Ca49:  8.1141D-16  Sc49:  8.0215D-11  V49 :  1.6789D-05  Cr49:  3.5010D-08
Ti50   22   50  1.6993D-07  4.2237D+00  1.6209D-05  1.6209D-05
V50    23   50  7.8323D-10  3.7222D+01  6.5838D-07  6.5838D-07
V51    23   51  3.1876D-07  7.4660D+00  5.3745D-05  7.8713D-06  Ti51:  4.0195D-14  Cr51:  4.5747D-05  Mn51:  1.2617D-07
Cr50   24   50  6.9813D-07  1.7743D+01  2.7974D-04  2.7974D-04  Mn50:  6.8391D-60
Cr52   24   52  1.4001D-05  1.0377D+01  3.2811D-03  3.2681D-04  V52 :  2.2748D-14  Mn52:  7.4140D-04  Fe52:  2.2129D-03
Cr53   24   53  1.6182D-06  1.0642D+01  3.8891D-04  3.1314D-05  Mn53:  3.5759D-04  Fe53:  1.9540D-13
Cr54   24   54  4.1040D-07  4.1385D+00  3.8356D-05  3.7654D-05  Mn54:  7.0211D-07
Mn55   25   55  1.0898D-05  8.6168D+00  2.1207D-03  2.0360D-04  Cr55:  1.0499D-13  Fe55:  4.1732D-04  Co55:  1.4997D-03
Fe54   26   54  7.3478D-05  1.2722D+01  2.1111D-02  2.1111D-02  Co54:  6.8293D-60
Fe56   26   56  1.1962D-03  4.6639D+00  1.2599D-01  2.2159D-02  Mn56:  1.0055D-07  Co56:  7.5218D-06  Ni56:  1.0382D-01
Fe57   26   57  2.8118D-05  4.8784D+00  3.0978D-03  1.0949D-03  Mn57:  3.4706D-17  Co57:  1.1754D-04  Ni57:  1.8854D-03  Cu57:  6.8293D-60
Fe58   26   58  3.8076D-06  2.2584D+01  1.9420D-03  1.9368D-03  Co58:  5.1330D-06
Co59   27   59  4.2445D-06  8.8549D+00  8.4879D-04  6.9336D-04  Fe59:  7.8517D-05  Ni59:  7.6906D-05  Cu59:  3.5231D-18
Ni58   28   58  4.8240D-05  3.8527D+00  4.1972D-03  4.1972D-03  Cu58:  2.1573D-34
Ni60   28   60  1.9223D-05  3.4324D+00  1.4901D-03  1.4171D-03  Fe60:  2.4534D-05  Co60:  4.8448D-05  Cu60:  1.3097D-08  Zn60:  1.5122D-22
Ni61   28   61  8.4952D-07  1.4613D+01  2.8035D-04  2.7067D-04  Fe61:  1.0855D-16  Co61:  1.7832D-06  Cu61:  7.8994D-06  Zn61:  1.2477D-22
Ni62   28   62  2.7531D-06  1.7338D+01  1.0779D-03  9.4862D-04  Cu62:  9.3300D-08  Zn62:  1.2922D-04  Ga62:  6.8293D-60
Ni64   28   64  7.2374D-07  1.0676D+01  1.7450D-04  1.7450D-04
Cu63   29   63  4.9686D-07  1.3995D+01  1.5703D-04  5.6111D-05  Ni63:  1.0092D-04  Zn63:  1.5335D-10  Ga63:  2.5272D-30
Cu65   29   65  2.2849D-07  2.0840D+01  1.0754D-04  9.9534D-05  Ni65:  1.2911D-07  Zn65:  7.8722D-06  Ga65:  4.0705D-14  Ge65:  1.7000D-33
Zn64   30   64  8.3188D-07  3.5628D+00  6.6932D-05  6.2312D-05  Cu64:  4.6196D-06  Ga64:  1.2478D-25  Ge64:  6.9470D-33
Zn66   30   66  4.9218D-07  9.9376D+00  1.1046D-04  1.0938D-04  Cu66:  3.0985D-12  Ga66:  8.9667D-07  Ge66:  1.7876D-07
Zn67   30   67  7.3424D-08  1.0077D+01  1.6709D-05  1.6655D-05  Ga67:  5.3709D-08  Ge67:  5.4276D-16
Zn68   30   68  3.4079D-07  1.0886D+01  8.3783D-05  8.3759D-05  Ga68:  3.4980D-10  Ge68:  2.3714D-08
Zn70   30   70  1.1600D-08  1.4753D+01  3.8648D-06  3.8648D-06
Ga69   31   69  3.3478D-08  1.6324D+01  1.2341D-05  1.2325D-05  Zn69:  8.5723D-09  Ge69:  7.6475D-09
Ga71   31   71  2.2862D-08  1.8619D+01  9.6131D-06  8.3874D-06  Zn71:  1.6466D-17  Ge71:  1.2255D-06  As71:  1.8321D-10
Ge70   32   70  4.7971D-08  1.2580D+01  1.3628D-05  1.3628D-05  Ga70:  1.3846D-11
Ge72   32   72  6.5204D-08  8.1977D+00  1.2071D-05  1.1782D-05  Ga72:  2.8863D-07  As72:  4.7847D-10
Ge73   32   73  1.8556D-08  6.6045D+00  2.7676D-06  2.7297D-06  As73:  3.7922D-08
Ge74   32   74  8.8283D-08  5.5792D+00  1.1123D-05  1.1114D-05  As74:  8.9487D-09
Ge76   32   76  1.9019D-08  3.9298D+00  1.6879D-06  1.6879D-06
As75   33   75  1.1016D-08  9.4656D+00  2.3549D-06  2.3244D-06  Ge75:  4.6300D-09  Se75:  2.5849D-08  Br75:  1.2244D-14
Se74   34   74  1.0607D-09  1.2272D+01  2.9397D-07  2.9397D-07
Se76   34   76  1.1469D-08  9.8498D+00  2.5512D-06  2.4817D-06  As76:  6.9516D-08  Br76:  9.2240D-12
Se77   34   77  9.4622D-09  6.8175D+00  1.4568D-06  9.0493D-07  Ge77:  7.5976D-09  As77:  5.4366D-07  Br77:  6.2581D-10
Se78   34   78  2.9861D-08  4.1664D+00  2.8097D-06  2.8097D-06  Br78:  2.2523D-16
Se80   34   80  6.3920D-08  2.3821D+00  3.4387D-06  3.4387D-06
Se82   34   82  1.1529D-08  3.3326D+00  8.6771D-07  8.6771D-07
Br79   35   79  1.0222D-08  4.0867D+00  9.4339D-07  3.2551D-07  Se79:  6.1721D-07  Kr79:  6.6786D-10  Rb79:  1.5942D-18
Br81   35   81  1.0195D-08  3.3949D+00  7.8166D-07  6.9912D-07  Se81:  4.6619D-14  Kr81:  8.2543D-08  Rb81:  5.6006D-13
Kr78   36   78  3.6964D-10  1.8568D+00  1.5500D-08  1.5500D-08
Kr80   36   80  2.4360D-09  7.4037D+00  4.0730D-07  4.0730D-07  Br80:  1.0962D-12  Rb80:  2.5790D-21
Kr82   36   82  1.2511D-08  5.0813D+00  1.4357D-06  1.4131D-06  Br82:  2.2626D-08  Rb82:  5.3839D-13
Kr83   36   83  1.2546D-08  3.1016D+00  8.7874D-07  8.4605D-07  Se83:  1.9895D-14  Br83:  3.1727D-08  Rb83:  9.6810D-10
Kr84   36   84  6.2574D-08  2.1237D+00  3.0010D-06  3.0010D-06  Rb84:  9.0637D-11
Kr86   36   86  1.9374D-08  2.9435D+00  1.2878D-06  1.2878D-06
Rb85   37   85  1.4679D-08  2.6157D+00  8.6713D-07  4.7798D-07  Kr85:  3.8801D-07  Sr85:  1.1411D-09  Y85 :  8.8120D-15
Rb87   37   87  6.1834D-09  4.7213D+00  6.5929D-07  6.5928D-07  Kr87:  5.5866D-12
Sr84   38   84  2.5579D-10  3.4115D+00  1.9707D-08  1.9707D-08
Sr86   38   86  4.6312D-09  6.6553D+00  6.9607D-07  6.3011D-07  Rb86:  6.5954D-08  Y86 :  5.4771D-14
Sr87   38   87  3.2742D-09  5.4892D+00  4.0588D-07  4.0585D-07  Y87 :  3.4099D-11
Sr88   38   88  3.9706D-08  3.8084D+00  3.4149D-06  3.4149D-06  Rb88:  6.0052D-15  Y88 :  7.5570D-11
Y89    39   89  1.0626D-08  2.8954D+00  6.9481D-07  6.3535D-07  Sr89:  5.9454D-08
Zr90   40   90  1.2960D-08  1.8776D+00  5.4953D-07  5.2228D-07  Sr90:  2.0516D-08  Y90 :  6.7339D-09
Zr91   40   91  2.8577D-09  2.1002D+00  1.3554D-07  1.1485D-07  Sr91:  3.0395D-11  Y91 :  2.0423D-08  Nb91:  2.2950D-10
Zr92   40   92  4.4160D-09  1.8429D+00  1.8379D-07  1.8376D-07  Nb92:  2.8541D-11
Zr94   40   94  4.5725D-09  1.4668D+00  1.5147D-07  1.5147D-07
Zr96   40   96  7.5233D-10  5.1205D-01  8.6998D-09  8.6998D-09
Nb93   41   93  1.9745D-09  1.4267D+00  6.3617D-08  3.1502D-08  Zr93:  3.1674D-08  Mo93:  4.4139D-10
Mo92   42   92  7.4625D-10  1.1166D+00  1.8818D-08  1.8818D-08
Mo94   42   94  4.8037D-10  1.3954D+00  1.5137D-08  1.5107D-08  Nb94:  3.0519D-11
Mo95   42   95  8.4024D-10  1.2702D+00  2.4103D-08  1.7116D-08  Zr95:  6.4752D-09  Nb95:  5.1127D-10
Mo96   42   96  8.9379D-10  2.2049D+00  4.4505D-08  4.4443D-08  Nb96:  6.1435D-11
Mo97   42   97  5.1997D-10  9.0766D+00  1.0658D-07  1.0657D-07  Zr97:  3.1504D-12  Nb97:  5.7988D-12
Mo98   42   98  1.3349D-09  2.5237D+00  7.6079D-08  7.6079D-08
