nome    Z    A   solar       PF          YieldTot 
H       1    1  7.2155D-01  4.9569D-01  9.8836D+00  9.8836D+00
H2      1    2  2.9439D-05  2.8064D-13  2.2830D-16  2.2830D-16
He3     2    3  3.1196D-05  4.9688D-01  4.2833D-04  4.2833D-04  H3  :  1.3659D-30
He4     2    4  2.6500D-01  1.1881D+00  8.7005D+00  8.7005D+00
Li6     3    6  5.9602D-10  3.3462D-06  5.5112D-14  5.5112D-14
Li7     3    7  8.4661D-09  5.5840D-03  1.3063D-09  1.2756D-09  Be7 :  3.0717D-11
Be9     4    9  1.5889D-10  1.4978D-02  6.5763D-11  6.5763D-11
B10     5   10  7.3404D-10  1.9115D-02  3.8773D-10  3.8773D-10  Be10:  9.4607D-60
B11     5   11  3.2501D-09  7.6928D-02  6.9089D-09  6.9089D-09
C12     6   12  2.3514D-03  1.6673D+01  1.0834D+00  1.0834D+00
C13     6   13  2.8494D-05  5.1348D+00  4.0431D-03  4.0431D-03  N13 :  2.4109D-12
N14     7   14  6.9520D-04  7.2030D+00  1.3838D-01  1.3833D-01  C14 :  4.2265D-05
N15     7   15  1.7096D-06  7.5608D-01  3.5720D-05  3.5720D-05  O15 :  3.9298D-14
O16     8   16  5.7553D-03  3.6167D+01  5.7519D+00  5.7519D+00  N16 :  6.2469D-32
O17     8   17  2.3231D-06  4.2842D+00  2.7502D-04  2.7502D-04  F17 :  2.6509D-16
O18     8   18  1.2980D-05  7.3740D-01  2.6449D-04  2.6359D-04  F18 :  9.0563D-07
F19     9   19  5.0785D-07  1.7294D+01  2.4270D-04  2.4270D-04  O19 :  4.8346D-24
Ne20   10   20  1.1647D-03  2.5314D+01  8.1475D-01  8.1475D-01  F20 :  3.3327D-23
Ne21   10   21  2.9317D-06  5.7941D+01  4.6938D-03  4.6938D-03  Na21:  1.5044D-16
Ne22   10   22  9.4207D-05  3.3859D+01  8.8142D-02  8.8141D-02  Na22:  1.7560D-06
Na23   11   23  2.9424D-05  1.0704D+01  8.7034D-03  8.7034D-03  Ne23:  3.6394D-17  Mg23:  8.7611D-20
Mg24   12   24  5.5560D-04  1.4930D+01  2.2921D-01  2.2921D-01  Na24:  4.7229D-06
Mg25   12   25  7.3269D-05  1.8720D+01  3.7901D-02  3.7901D-02  Al25:  5.6900D-18
Mg26   12   26  8.3896D-05  3.3332D+01  7.7274D-02  7.7167D-02  Al26:  1.0073D-04  Alg6:  6.5253D-06  Alm6:  1.5897D-13
Al27   13   27  5.6020D-05  2.8705D+01  4.4436D-02  4.4436D-02  Mg27:  5.7687D-14  Si27:  4.3921D-22
Si28   14   28  6.1519D-04  1.9371D+01  3.2930D-01  3.2930D-01  Al28:  1.2955D-12
Si29   14   29  3.2353D-05  2.0559D+01  1.8380D-02  1.8380D-02  P29 :  1.5507D-21
Si30   14   30  2.2063D-05  2.6582D+01  1.6206D-02  1.6206D-02  P30 :  2.2385D-13
P31    15   31  5.8660D-06  1.6863D+01  2.7335D-03  2.7307D-03  Si31:  2.8127D-06  S31 :  8.3108D-27
S32    16   32  2.9480D-04  1.8809D+01  1.5322D-01  1.5320D-01  Si32:  5.8767D-07  P32 :  2.1380D-05
S33    16   33  2.4339D-06  1.3606D+01  9.1510D-04  9.0996D-04  P33 :  5.1398D-06  Cl33:  7.5639D-24
S34    16   34  1.4155D-05  1.0648D+01  4.1650D-03  4.1650D-03  P34 :  2.1138D-23  Cl34:  1.3097D-27
S36    16   36  6.9873D-08  6.3238D+00  1.2210D-05  1.2210D-05
Cl35   17   35  6.1745D-06  2.8000D+00  4.7775D-04  4.6733D-04  S35 :  1.0414D-05
Cl37   17   37  2.0862D-06  5.9375D+00  3.4229D-04  2.7329D-04  S37 :  4.0777D-20  Ar37:  6.8998D-05  K37 :  1.0071D-32
Ar36   18   36  5.6315D-05  1.7388D+01  2.7058D-02  2.7048D-02  Cl36:  1.0484D-05
Ar38   18   38  1.0808D-05  8.3436D+00  2.4919D-03  2.4919D-03  Cl38:  1.8922D-11  K38 :  2.4653D-16
Ar40   18   40  1.8196D-08  6.0579D+00  3.0460D-06  3.0460D-06
K39    19   39  2.8651D-06  4.2328D+00  3.3513D-04  3.2487D-04  Ar39:  1.0253D-05
K40    19   40  4.6383D-09  4.8391D+01  6.2023D-06  6.2023D-06
K41    19   41  2.1737D-07  1.0545D+01  6.3341D-05  1.4131D-05  Ar41:  6.0837D-10  Ca41:  4.9209D-05  Sc41:  1.7764D-47
Ca40   20   40  6.2452D-05  1.2987D+01  2.2413D-02  2.2413D-02
Ca42   20   42  4.3765D-07  1.4661D+01  1.7731D-04  1.7671D-04  K42 :  6.0007D-07  Sc42:  4.8710D-44
Ca43   20   43  9.3493D-08  1.3939D+01  3.6011D-05  3.5983D-05  Sc43:  2.8048D-08
Ca44   20   44  1.4782D-06  3.7074D+00  1.5144D-04  1.3490D-04  Sc44:  2.0752D-08  Ti44:  1.6523D-05
Ca46   20   46  2.9634D-09  4.2388D+01  3.4712D-06  3.4712D-06
Ca48   20   48  1.4456D-07  9.0457D-01  3.6136D-06  3.6136D-06
Sc45   21   45  4.6794D-08  1.9925D+01  2.5764D-05  1.3278D-05  Ca45:  1.2328D-05  Ti45:  1.5901D-07  V45 :  4.4659D-53
Ti46   22   46  2.4899D-07  1.2173D+01  8.3756D-05  8.0116D-05  Sc46:  3.6393D-06  V46 :  9.4607D-60
Ti47   22   47  2.2943D-07  2.9981D+00  1.9007D-05  1.7895D-05  Ca47:  1.0609D-07  Sc47:  1.0060D-06  V47 :  1.0974D-10
Ti48   22   48  2.3217D-06  3.1147D+00  1.9983D-04  6.3023D-05  Sc48:  1.6868D-07  V48 :  1.8582D-07  Cr48:  1.3645D-04
Ti49   22   49  1.7393D-07  6.3822D+00  3.0674D-05  1.6715D-05  Ca49:  7.7466D-19  Sc49:  5.8941D-11  V49 :  1.3930D-05  Cr49:  2.9306D-08
Ti50   22   50  1.6993D-07  6.4389D+00  3.0236D-05  3.0236D-05
V50    23   50  7.8323D-10  2.9595D+01  6.4053D-07  6.4053D-07
V51    23   51  3.1876D-07  5.4893D+00  4.8352D-05  9.8427D-06  Ti51:  7.7780D-17  Cr51:  3.8407D-05  Mn51:  1.0221D-07
Cr50   24   50  6.9813D-07  1.6065D+01  3.0992D-04  3.0992D-04  Mn50:  9.4607D-60
Cr52   24   52  1.4001D-05  7.0189D+00  2.7156D-03  3.6677D-04  V52 :  2.1939D-15  Mn52:  5.9107D-04  Fe52:  1.7578D-03
Cr53   24   53  1.6182D-06  7.7726D+00  3.4756D-04  3.8724D-05  Mn53:  3.0883D-04  Fe53:  7.4386D-16
Cr54   24   54  4.1040D-07  5.2529D+00  5.9571D-05  5.8948D-05  Mn54:  6.2260D-07
Mn55   25   55  1.0898D-05  6.3959D+00  1.9261D-03  2.2979D-04  Cr55:  1.3178D-16  Fe55:  4.6035D-04  Co55:  1.2359D-03
Fe54   26   54  7.3478D-05  1.0560D+01  2.1441D-02  2.1441D-02  Co54:  9.4607D-60
Fe56   26   56  1.1962D-03  3.9241D+00  1.2971D-01  2.5290D-02  Mn56:  4.5342D-08  Co56:  7.9473D-06  Ni56:  1.0441D-01
Fe57   26   57  2.8118D-05  4.8438D+00  3.7636D-03  1.3994D-03  Mn57:  2.8558D-19  Co57:  1.4736D-04  Ni57:  2.2168D-03  Cu57:  9.4607D-60
Fe58   26   58  3.8076D-06  2.8806D+01  3.0309D-03  3.0267D-03  Co58:  4.2279D-06
Co59   27   59  4.2445D-06  1.2393D+01  1.4536D-03  1.0975D-03  Fe59:  2.5637D-04  Ni59:  9.9722D-05  Cu59:  1.7165D-21
Ni58   28   58  4.8240D-05  3.6658D+00  4.8866D-03  4.8866D-03  Cu58:  3.8354D-43
Ni60   28   60  1.9223D-05  4.0946D+00  2.1750D-03  1.9781D-03  Fe60:  8.0863D-05  Co60:  1.1597D-04  Cu60:  2.7593D-08  Zn60:  1.7298D-22
Ni61   28   61  8.4952D-07  2.0937D+01  4.9150D-04  4.7303D-04  Fe61:  6.1323D-20  Co61:  1.2108D-06  Cu61:  1.7253D-05  Zn61:  1.9970D-25
Ni62   28   62  2.7531D-06  2.6479D+01  2.0144D-03  1.7533D-03  Cu62:  1.9393D-07  Zn62:  2.6099D-04  Ga62:  9.4607D-60
Ni64   28   64  7.2374D-07  1.9125D+01  3.8249D-04  3.8249D-04
Cu63   29   63  4.9686D-07  3.0163D+01  4.1414D-04  6.0324D-05  Ni63:  3.5381D-04  Zn63:  3.9963D-10  Ga63:  1.3027D-34
Cu65   29   65  2.2849D-07  2.7946D+01  1.7645D-04  1.6138D-04  Ni65:  6.6035D-08  Zn65:  1.5000D-05  Ga65:  9.7605D-14  Ge65:  1.2317D-38
Zn64   30   64  8.3188D-07  3.7502D+00  8.6209D-05  8.1041D-05  Cu64:  5.1683D-06  Ga64:  2.2544D-27  Ge64:  1.3330D-36
Zn66   30   66  4.9218D-07  1.5642D+01  2.1274D-04  2.1017D-04  Cu66:  5.3777D-15  Ga66:  2.1428D-06  Ge66:  4.2736D-07
Zn67   30   67  7.3424D-08  2.9022D+01  5.8883D-05  5.8819D-05  Ga67:  6.4158D-08  Ge67:  1.7656D-15
Zn68   30   68  3.4079D-07  2.5170D+01  2.3703D-04  2.3701D-04  Ga68:  3.6424D-10  Ge68:  1.7640D-08
Zn70   30   70  1.1600D-08  1.6100D+01  5.1609D-06  5.1609D-06
Ga69   31   69  3.3478D-08  3.2289D+01  2.9871D-05  2.9854D-05  Zn69:  1.1302D-08  Ge69:  5.7186D-09
Ga71   31   71  2.2862D-08  3.9114D+01  2.4711D-05  1.8590D-05  Zn71:  1.3587D-20  Ge71:  6.1205D-06  As71:  4.6382D-10
Ge70   32   70  4.7971D-08  2.3013D+01  3.0506D-05  3.0506D-05  Ga70:  2.1768D-12
Ge72   32   72  6.5204D-08  1.8496D+01  3.3326D-05  3.2442D-05  Ga72:  8.8341D-07  As72:  4.4718D-10
Ge73   32   73  1.8556D-08  2.2792D+01  1.1687D-05  1.1634D-05  As73:  5.2894D-08
Ge74   32   74  8.8283D-08  1.4177D+01  3.4585D-05  3.4570D-05  As74:  1.5304D-08
Ge76   32   76  1.9019D-08  4.8846D+00  2.5671D-06  2.5671D-06
As75   33   75  1.1016D-08  2.1305D+01  6.4857D-06  6.4425D-06  Ge75:  1.6606D-08  Se75:  2.6615D-08  Br75:  8.6405D-15
Se74   34   74  1.0607D-09  1.1329D+01  3.3205D-07  3.3205D-07
Se76   34   76  1.1469D-08  1.8059D+01  5.7234D-06  4.5455D-06  As76:  1.1779D-06  Br76:  6.4999D-12
Se77   34   77  9.4622D-09  2.4678D+01  6.4526D-06  2.5983D-06  Ge77:  8.5319D-09  As77:  3.8452D-06  Br77:  6.2953D-10
Se78   34   78  2.9861D-08  8.4844D+00  7.0010D-06  7.0010D-06  Br78:  1.3951D-16
Se80   34   80  6.3920D-08  6.2726D+00  1.1079D-05  1.1079D-05
Se82   34   82  1.1529D-08  3.1619D+00  1.0074D-06  1.0074D-06
Br79   35   79  1.0222D-08  1.2632D+01  3.5681D-06  4.0043D-07  Se79:  3.1670D-06  Kr79:  7.3500D-10  Rb79:  8.9392D-19
Br81   35   81  1.0195D-08  7.7456D+00  2.1822D-06  2.0586D-06  Se81:  6.8016D-15  Kr81:  1.2359D-07  Rb81:  6.9899D-13
Kr78   36   78  3.6964D-10  1.7226D+00  1.7596D-08  1.7596D-08
Kr80   36   80  2.4360D-09  8.6396D+00  5.8158D-07  5.8158D-07  Br80:  1.3407D-14  Rb80:  4.3096D-24
Kr82   36   82  1.2511D-08  8.7670D+00  3.0310D-06  2.7122D-06  Br82:  3.1888D-07  Rb82:  4.3380D-13
Kr83   36   83  1.2546D-08  7.3929D+00  2.5629D-06  2.4738D-06  Se83:  9.5761D-15  Br83:  8.7827D-08  Rb83:  1.2581D-09
Kr84   36   84  6.2574D-08  4.4751D+00  7.7380D-06  7.7379D-06  Rb84:  1.2714D-10
Kr86   36   86  1.9374D-08  5.3740D+00  2.8770D-06  2.8770D-06
Rb85   37   85  1.4679D-08  6.4457D+00  2.6146D-06  8.8127D-07  Kr85:  1.7329D-06  Sr85:  4.8876D-10  Y85 :  2.0378D-14
Rb87   37   87  6.1834D-09  1.0573D+01  1.8066D-06  1.8066D-06  Kr87:  4.9783D-12
Sr84   38   84  2.5579D-10  2.2448D+00  1.5867D-08  1.5867D-08
Sr86   38   86  4.6312D-09  1.0100D+01  1.2926D-06  9.9852D-07  Rb86:  2.9410D-07  Y86 :  4.0547D-14
Sr87   38   87  3.2742D-09  8.9236D+00  8.0737D-07  8.0735D-07  Y87 :  2.1856D-11
Sr88   38   88  3.9706D-08  6.4863D+00  7.1168D-06  7.1167D-06  Rb88:  7.6612D-16  Y88 :  5.4824D-11
Y89    39   89  1.0626D-08  4.4741D+00  1.3137D-06  1.0100D-06  Sr89:  3.0371D-07
Zr90   40   90  1.2960D-08  2.5140D+00  9.0034D-07  7.5917D-07  Sr90:  1.1417D-07  Y90 :  2.7001D-08
Zr91   40   91  2.8577D-09  4.2125D+00  3.3265D-07  2.2164D-07  Sr91:  1.0123D-10  Y91 :  1.1072D-07  Nb91:  1.8703D-10
Zr92   40   92  4.4160D-09  2.7861D+00  3.3999D-07  3.3996D-07  Nb92:  2.2774D-11
Zr94   40   94  4.5725D-09  2.2336D+00  2.8222D-07  2.8222D-07
Zr96   40   96  7.5233D-10  2.4442D+00  5.0814D-08  5.0814D-08
Nb93   41   93  1.9745D-09  2.3080D+00  1.2593D-07  3.6171D-08  Zr93:  8.9371D-08  Mo93:  3.8599D-10
Mo92   42   92  7.4625D-10  9.3194D-01  1.9218D-08  1.9218D-08
Mo94   42   94  4.8037D-10  1.1395D+00  1.5126D-08  1.5106D-08  Nb94:  2.0208D-11
Mo95   42   95  8.4024D-10  1.8686D+00  4.3387D-08  1.8301D-08  Zr95:  2.4043D-08  Nb95:  1.0437D-09
Mo96   42   96  8.9379D-10  2.0638D+00  5.0972D-08  5.0898D-08  Nb96:  7.4139D-11
Mo97   42   97  5.1997D-10  1.0549D+01  1.5157D-07  1.5157D-07  Zr97:  3.9703D-12  Nb97:  1.4921D-12
Mo98   42   98  1.3349D-09  5.6615D+00  2.0883D-07  2.0883D-07
