nome    Z    A   solar       PF          YieldTot 
H       1    1  7.2155D-01  4.8757D-01  1.3251D+01  1.3251D+01
H2      1    2  2.9439D-05  2.3972D-13  2.6581D-16  2.6581D-16
He3     2    3  3.1196D-05  4.9986D-01  5.8734D-04  5.8734D-04  H3  :  2.4053D-30
He4     2    4  2.6500D-01  1.2225D+00  1.2203D+01  1.2203D+01
Li6     3    6  5.9602D-10  2.5180D-07  5.6529D-15  5.6529D-15
Li7     3    7  8.4661D-09  4.7230D-03  1.5061D-09  1.4557D-09  Be7 :  5.0352D-11
Be9     4    9  1.5889D-10  1.6033D-02  9.5956D-11  9.5956D-11
B10     5   10  7.3404D-10  2.1323D-02  5.8955D-10  5.8955D-10  Be10:  1.1906D-59
B11     5   11  3.2501D-09  8.7814D-02  1.0750D-08  1.0750D-08
C12     6   12  2.3514D-03  2.2102D+01  1.9576D+00  1.9576D+00
C13     6   13  2.8494D-05  6.6794D+00  7.1687D-03  7.1687D-03  N13 :  1.2382D-12
N14     7   14  6.9520D-04  7.4616D+00  1.9538D-01  1.9536D-01  C14 :  2.5534D-05
N15     7   15  1.7096D-06  2.3435D-01  1.5091D-05  1.5091D-05  O15 :  2.0580D-14
O16     8   16  5.7553D-03  3.2561D+01  7.0584D+00  7.0584D+00  N16 :  1.5332D-34
O17     8   17  2.3231D-06  1.7381D+00  1.5209D-04  1.5209D-04  F17 :  6.7541D-17
O18     8   18  1.2980D-05  3.0569D-01  1.4945D-04  1.4915D-04  F18 :  3.0130D-07
F19     9   19  5.0785D-07  5.5946D+00  1.0702D-04  1.0702D-04  O19 :  4.6830D-28
Ne20   10   20  1.1647D-03  3.5278D+01  1.5477D+00  1.5477D+00  F20 :  4.7044D-28
Ne21   10   21  2.9317D-06  5.2548D+01  5.8025D-03  5.8025D-03  Na21:  2.2922D-20
Ne22   10   22  9.4207D-05  1.4233D+01  5.0504D-02  5.0491D-02  Na22:  1.3241D-05
Na23   11   23  2.9424D-05  3.4626D+01  3.8376D-02  3.8376D-02  Ne23:  2.9622D-21  Mg23:  4.3212D-27
Mg24   12   24  5.5560D-04  1.0345D+01  2.1648D-01  2.1646D-01  Na24:  1.7908D-05
Mg25   12   25  7.3269D-05  1.9169D+01  5.2900D-02  5.2900D-02  Al25:  5.4357D-21
Mg26   12   26  8.3896D-05  3.1276D+01  9.8832D-02  9.8701D-02  Al26:  1.1488D-04  Alg6:  1.6251D-05  Alm6:  1.7569D-13
Al27   13   27  5.6020D-05  2.8950D+01  6.1086D-02  6.1086D-02  Mg27:  7.9367D-14  Si27:  1.7670D-26
Si28   14   28  6.1519D-04  1.7164D+01  3.9772D-01  3.9772D-01  Al28:  2.2943D-17
Si29   14   29  3.2353D-05  9.3371D+00  1.1378D-02  1.1378D-02  P29 :  2.5615D-25
Si30   14   30  2.2063D-05  1.1517D+01  9.5711D-03  9.5711D-03  P30 :  3.6527D-18
P31    15   31  5.8660D-06  1.1407D+01  2.5204D-03  2.5194D-03  Si31:  1.0355D-06  S31 :  6.5188D-36
S32    16   32  2.9480D-04  1.8310D+01  2.0332D-01  2.0330D-01  Si32:  2.1358D-07  P32 :  1.5961D-05
S33    16   33  2.4339D-06  1.4682D+01  1.3460D-03  1.3417D-03  P33 :  4.3150D-06  Cl33:  5.9858D-28
S34    16   34  1.4155D-05  1.3147D+01  7.0097D-03  7.0097D-03  P34 :  2.6189D-28  Cl34:  2.8563D-32
S36    16   36  6.9873D-08  5.1790D+00  1.3630D-05  1.3630D-05
Cl35   17   35  6.1745D-06  3.5193D+00  8.1847D-04  8.0937D-04  S35 :  9.1026D-06
Cl37   17   37  2.0862D-06  6.8095D+00  5.3508D-04  3.6787D-04  S37 :  8.3009D-22  Ar37:  1.6721D-04  K37 :  1.5743D-36
Ar36   18   36  5.6315D-05  1.6328D+01  3.4633D-02  3.4621D-02  Cl36:  1.2411D-05
Ar38   18   38  1.0808D-05  1.9873D+01  8.0901D-03  8.0901D-03  Cl38:  3.5583D-11  K38 :  1.1072D-20
Ar40   18   40  1.8196D-08  8.5335D+00  5.8486D-06  5.8486D-06
K39    19   39  2.8651D-06  6.8273D+00  7.3678D-04  7.2001D-04  Ar39:  1.6769D-05
K40    19   40  4.6383D-09  4.2867D+01  7.4891D-06  7.4891D-06
K41    19   41  2.1737D-07  1.3036D+01  1.0673D-04  1.9544D-05  Ar41:  4.9564D-10  Ca41:  8.7190D-05  Sc41:  1.5404D-48
Ca40   20   40  6.2452D-05  1.1744D+01  2.7626D-02  2.7626D-02
Ca42   20   42  4.3765D-07  2.5308D+01  4.1720D-04  4.1691D-04  K42 :  2.8498D-07  Sc42:  5.1225D-45
Ca43   20   43  9.3493D-08  1.4793D+01  5.2094D-05  5.2054D-05  Sc43:  3.9806D-08
Ca44   20   44  1.4782D-06  3.7206D+00  2.0716D-04  1.8964D-04  Sc44:  3.0497D-08  Ti44:  1.7487D-05
Ca46   20   46  2.9634D-09  6.2477D+01  6.9737D-06  6.9737D-06
Ca48   20   48  1.4456D-07  9.1942D-01  5.0064D-06  5.0064D-06
Sc45   21   45  4.6794D-08  2.0180D+01  3.5567D-05  1.7532D-05  Ca45:  1.7784D-05  Ti45:  2.5124D-07  V45 :  1.1906D-59
Ti46   22   46  2.4899D-07  1.8384D+01  1.7242D-04  1.6882D-04  Sc46:  3.5948D-06  V46 :  1.1906D-59
Ti47   22   47  2.2943D-07  2.7000D+00  2.3332D-05  2.2637D-05  Ca47:  7.4420D-08  Sc47:  6.2091D-07  V47 :  1.1248D-10
Ti48   22   48  2.3217D-06  2.4491D+00  2.1417D-04  7.9873D-05  Sc48:  8.8609D-08  V48 :  4.5945D-07  Cr48:  1.3375D-04
Ti49   22   49  1.7393D-07  5.2918D+00  3.4668D-05  2.1251D-05  Ca49:  5.7106D-19  Sc49:  5.5598D-11  V49 :  1.3389D-05  Cr49:  2.7402D-08
Ti50   22   50  1.6993D-07  6.2887D+00  4.0252D-05  4.0252D-05
V50    23   50  7.8323D-10  1.7018D+01  5.0206D-07  5.0206D-07
V51    23   51  3.1876D-07  4.3629D+00  5.2382D-05  1.2323D-05  Ti51:  4.8123D-18  Cr51:  3.9968D-05  Mn51:  9.1155D-08
Cr50   24   50  6.9813D-07  1.3130D+01  3.4527D-04  3.4527D-04  Mn50:  1.1906D-59
Cr52   24   52  1.4001D-05  5.1438D+00  2.7127D-03  4.7947D-04  V52 :  3.3467D-19  Mn52:  5.6387D-04  Fe52:  1.6693D-03
Cr53   24   53  1.6182D-06  5.4882D+00  3.3450D-04  5.3135D-05  Mn53:  2.8137D-04  Fe53:  9.1962D-17
Cr54   24   54  4.1040D-07  5.3863D+00  8.3261D-05  8.2691D-05  Mn54:  5.7003D-07
Mn55   25   55  1.0898D-05  4.6332D+00  1.9018D-03  3.2137D-04  Cr55:  3.0649D-19  Fe55:  4.0320D-04  Co55:  1.1773D-03
Fe54   26   54  7.3478D-05  6.5048D+00  1.8003D-02  1.8003D-02  Co54:  1.1906D-59
Fe56   26   56  1.1962D-03  3.2240D+00  1.4525D-01  3.4405D-02  Mn56:  5.5484D-08  Co56:  7.1435D-06  Ni56:  1.1084D-01
Fe57   26   57  2.8118D-05  4.1242D+00  4.3679D-03  1.8689D-03  Mn57:  8.8186D-26  Co57:  1.5131D-04  Ni57:  2.3477D-03  Cu57:  1.1906D-59
Fe58   26   58  3.8076D-06  2.9438D+01  4.2219D-03  4.2175D-03  Co58:  4.4195D-06
Co59   27   59  4.2445D-06  1.2857D+01  2.0555D-03  1.5161D-03  Fe59:  4.2555D-04  Ni59:  1.1384D-04  Cu59:  9.3220D-26
Ni58   28   58  4.8240D-05  2.8204D+00  5.1246D-03  5.1246D-03  Cu58:  4.3077D-53
Ni60   28   60  1.9223D-05  3.7083D+00  2.6849D-03  2.3328D-03  Fe60:  2.1895D-04  Co60:  1.3311D-04  Cu60:  2.9458D-08  Zn60:  1.3274D-22
Ni61   28   61  8.4952D-07  2.0566D+01  6.5808D-04  6.3793D-04  Fe61:  4.5531D-19  Co61:  1.0696D-06  Cu61:  1.9081D-05  Zn61:  1.2870D-32
Ni62   28   62  2.7531D-06  2.4866D+01  2.5785D-03  2.2622D-03  Cu62:  2.4319D-07  Zn62:  3.1609D-04  Ga62:  1.1906D-59
Ni64   28   64  7.2374D-07  2.0028D+01  5.4596D-04  5.4596D-04
Cu63   29   63  4.9686D-07  2.9582D+01  5.5362D-04  7.8064D-05  Ni63:  4.7556D-04  Zn63:  4.8392D-10  Ga63:  3.7314D-41
Cu65   29   65  2.2849D-07  2.6736D+01  2.3010D-04  2.0915D-04  Ni65:  8.9644D-08  Zn65:  2.0859D-05  Ga65:  1.0374D-13  Ge65:  8.2600D-56
Zn64   30   64  8.3188D-07  3.6799D+00  1.1530D-04  1.0885D-04  Cu64:  6.4580D-06  Ga64:  1.1569D-33  Ge64:  4.4194D-43
Zn66   30   66  4.9218D-07  1.3246D+01  2.4556D-04  2.4209D-04  Cu66:  1.3742D-16  Ga66:  2.8945D-06  Ge66:  5.7642D-07
Zn67   30   67  7.3424D-08  2.4898D+01  6.8858D-05  6.8783D-05  Ga67:  7.5106D-08  Ge67:  1.9808D-15
Zn68   30   68  3.4079D-07  1.9778D+01  2.5388D-04  2.5386D-04  Ga68:  3.9192D-10  Ge68:  2.3045D-08
Zn70   30   70  1.1600D-08  7.7536D+00  3.3878D-06  3.3878D-06
Ga69   31   69  3.3478D-08  2.7901D+01  3.5182D-05  3.5165D-05  Zn69:  1.0345D-08  Ge69:  7.1002D-09
Ga71   31   71  2.2862D-08  2.7149D+01  2.3379D-05  1.5677D-05  Zn71:  7.3628D-22  Ge71:  7.7013D-06  As71:  7.6980D-10
Ge70   32   70  4.7971D-08  2.2744D+01  4.1096D-05  4.1096D-05  Ga70:  4.1963D-12
Ge72   32   72  6.5204D-08  1.5456D+01  3.7959D-05  3.7259D-05  Ga72:  6.9976D-07  As72:  6.9934D-10
Ge73   32   73  1.8556D-08  1.9687D+01  1.3760D-05  1.3715D-05  As73:  4.4783D-08
Ge74   32   74  8.8283D-08  1.1072D+01  3.6817D-05  3.6805D-05  As74:  1.2248D-08
Ge76   32   76  1.9019D-08  2.4755D+00  1.7733D-06  1.7733D-06
As75   33   75  1.1016D-08  1.3091D+01  5.4320D-06  5.4011D-06  Ge75:  8.7674D-09  Se75:  2.2124D-08  Br75:  1.4676D-14
Se74   34   74  1.0607D-09  3.2027D+00  1.2796D-07  1.2796D-07
Se76   34   76  1.1469D-08  1.8685D+01  8.0718D-06  7.0982D-06  As76:  9.7352D-07  Br76:  1.3676D-11
Se77   34   77  9.4622D-09  1.5106D+01  5.3840D-06  4.1681D-06  Ge77:  6.5614D-09  As77:  1.2085D-06  Br77:  8.7628D-10
Se78   34   78  2.9861D-08  9.6423D+00  1.0845D-05  1.0845D-05  Br78:  1.1288D-20
Se80   34   80  6.3920D-08  5.9172D+00  1.4246D-05  1.4246D-05
Se82   34   82  1.1529D-08  2.0280D+00  8.8068D-07  8.8068D-07
Br79   35   79  1.0222D-08  1.2845D+01  4.9456D-06  4.4611D-07  Se79:  4.4994D-06  Kr79:  1.3170D-10  Rb79:  1.9716D-20
Br81   35   81  1.0195D-08  5.9747D+00  2.2944D-06  2.1068D-06  Se81:  9.7803D-14  Kr81:  1.8756D-07  Rb81:  1.1901D-12
Kr78   36   78  3.6964D-10  1.0474D+00  1.4582D-08  1.4582D-08
Kr80   36   80  2.4360D-09  5.2426D+00  4.8103D-07  4.8103D-07  Br80:  7.1693D-15  Rb80:  1.1715D-42
Kr82   36   82  1.2511D-08  1.0680D+01  5.0329D-06  4.8721D-06  Br82:  1.6074D-07  Rb82:  7.4663D-13
Kr83   36   83  1.2546D-08  5.7342D+00  2.7096D-06  2.6805D-06  Se83:  1.1599D-14  Br83:  2.8504D-08  Rb83:  6.2246D-10
Kr84   36   84  6.2574D-08  4.2781D+00  1.0083D-05  1.0083D-05  Rb84:  6.0913D-11
Kr86   36   86  1.9374D-08  4.8717D+00  3.5550D-06  3.5550D-06
Rb85   37   85  1.4679D-08  5.5154D+00  3.0495D-06  9.9236D-07  Kr85:  2.0568D-06  Sr85:  2.9862D-10  Y85 :  5.2177D-14
Rb87   37   87  6.1834D-09  7.8982D+00  1.8395D-06  1.8395D-06  Kr87:  1.2232D-11
Sr84   38   84  2.5579D-10  2.9420D+00  2.8345D-08  2.8345D-08
Sr86   38   86  4.6312D-09  8.9763D+00  1.5658D-06  1.2439D-06  Rb86:  3.2196D-07  Y86 :  1.1296D-13
Sr87   38   87  3.2742D-09  7.9441D+00  9.7970D-07  9.7965D-07  Y87 :  5.8315D-11
Sr88   38   88  3.9706D-08  5.3952D+00  8.0687D-06  8.0686D-06  Rb88:  3.5282D-15  Y88 :  5.6385D-11
Y89    39   89  1.0626D-08  4.4534D+00  1.7824D-06  1.2968D-06  Sr89:  4.8562D-07
Zr90   40   90  1.2960D-08  2.5473D+00  1.2435D-06  1.0786D-06  Sr90:  1.4012D-07  Y90 :  2.4783D-08
Zr91   40   91  2.8577D-09  3.7380D+00  4.0234D-07  3.1357D-07  Sr91:  6.2469D-10  Y91 :  8.7854D-08  Nb91:  2.9630D-10
Zr92   40   92  4.4160D-09  2.5821D+00  4.2949D-07  4.2947D-07  Nb92:  2.5990D-11
Zr94   40   94  4.5725D-09  1.9638D+00  3.3821D-07  3.3821D-07
Zr96   40   96  7.5233D-10  2.6245D+00  7.4372D-08  7.4372D-08
Nb93   41   93  1.9745D-09  2.3301D+00  1.7329D-07  4.9816D-08  Zr93:  1.2325D-07  Mo93:  2.2206D-10
Mo92   42   92  7.4625D-10  7.6383D-01  2.1470D-08  2.1470D-08
Mo94   42   94  4.8037D-10  9.7403D-01  1.7624D-08  1.7598D-08  Nb94:  2.5663D-11
Mo95   42   95  8.4024D-10  2.5319D+00  8.0129D-08  2.4867D-08  Zr95:  5.2878D-08  Nb95:  2.3838D-09
Mo96   42   96  8.9379D-10  1.9596D+00  6.5971D-08  6.5634D-08  Nb96:  3.3734D-10
Mo97   42   97  5.1997D-10  1.0215D+01  2.0006D-07  1.9999D-07  Zr97:  6.1714D-11  Nb97:  7.3805D-12
Mo98   42   98  1.3349D-09  5.5559D+00  2.7934D-07  2.7934D-07
