nome    Z    A   solar       PF          YieldTot 
H       1    1  7.2155D-01  4.6041D-01  1.8979D+01  1.8979D+01
H2      1    2  2.9439D-05  1.8015D-13  3.0298D-16  3.0298D-16
He3     2    3  3.1196D-05  5.0497D-01  8.9996D-04  8.9996D-04  H3  :  7.0311D-30
He4     2    4  2.6500D-01  1.3964D+00  2.1141D+01  2.1141D+01
Li6     3    6  5.9602D-10  3.2572D-07  1.1091D-14  1.1091D-14
Li7     3    7  8.4661D-09  2.8294D-03  1.3685D-09  1.3509D-09  Be7 :  1.7581D-11
Be9     4    9  1.5889D-10  1.6051D-02  1.4571D-10  1.4571D-10
B10     5   10  7.3404D-10  2.2647D-02  9.4972D-10  9.4972D-10  Be10:  1.5702D-59
B11     5   11  3.2501D-09  1.0501D-01  1.9498D-08  1.9498D-08
C12     6   12  2.3514D-03  2.6857D+01  3.6079D+00  3.6079D+00
C13     6   13  2.8494D-05  4.0487D+00  6.5906D-03  6.5906D-03  N13 :  1.6063D-10
N14     7   14  6.9520D-04  6.2314D+00  2.4749D-01  2.4749D-01  C14 :  1.8581D-06
N15     7   15  1.7096D-06  1.9969D-01  1.9504D-05  1.9504D-05  O15 :  7.8289D-15
O16     8   16  5.7553D-03  3.0478D+01  1.0021D+01  1.0021D+01  N16 :  7.0233D-30
O17     8   17  2.3231D-06  6.3986D-01  8.4921D-05  8.4921D-05  F17 :  4.0403D-18
O18     8   18  1.2980D-05  2.4087D-01  1.7862D-04  1.7839D-04  F18 :  2.3235D-07
F19     9   19  5.0785D-07  8.4680D-01  2.4568D-05  2.4568D-05  O19 :  3.9767D-24
Ne20   10   20  1.1647D-03  2.1468D+01  1.4285D+00  1.4285D+00  F20 :  2.0154D-24
Ne21   10   21  2.9317D-06  4.4951D+01  7.5285D-03  7.5285D-03  Na21:  4.7355D-16
Ne22   10   22  9.4207D-05  1.0196D+01  5.4872D-02  5.4857D-02  Na22:  1.5696D-05
Na23   11   23  2.9424D-05  2.0682D+01  3.4766D-02  3.4766D-02  Ne23:  2.7675D-17  Mg23:  1.3026D-15
Mg24   12   24  5.5560D-04  8.4858D+00  2.6935D-01  2.6932D-01  Na24:  2.9311D-05
Mg25   12   25  7.3269D-05  1.4143D+01  5.9198D-02  5.9198D-02  Al25:  1.0835D-17
Mg26   12   26  8.3896D-05  2.5049D+01  1.2006D-01  1.1969D-01  Al26:  3.0861D-04  Alg6:  5.9160D-05  Alm6:  3.8454D-12
Al27   13   27  5.6020D-05  1.6241D+01  5.1978D-02  5.1978D-02  Mg27:  1.5671D-13  Si27:  3.7257D-18
Si28   14   28  6.1519D-04  1.4548D+01  5.1127D-01  5.1127D-01  Al28:  8.2648D-12
Si29   14   29  3.2353D-05  8.0345D+00  1.4850D-02  1.4850D-02  P29 :  5.0157D-22
Si30   14   30  2.2063D-05  1.6505D+01  2.0804D-02  2.0804D-02  P30 :  4.0056D-11
P31    15   31  5.8660D-06  1.1261D+01  3.7738D-03  3.7723D-03  Si31:  1.5362D-06  S31 :  2.5322D-23
S32    16   32  2.9480D-04  1.2166D+01  2.0489D-01  2.0487D-01  Si32:  1.9107D-07  P32 :  1.7826D-05
S33    16   33  2.4339D-06  1.1474D+01  1.5954D-03  1.5886D-03  P33 :  6.8332D-06  Cl33:  4.3101D-25
S34    16   34  1.4155D-05  9.5215D+00  7.6998D-03  7.6998D-03  P34 :  6.3399D-21  Cl34:  1.2982D-29
S36    16   36  6.9873D-08  3.5849D+00  1.4310D-05  1.4310D-05
Cl35   17   35  6.1745D-06  2.1856D+00  7.7097D-04  7.6217D-04  S35 :  8.7996D-06
Cl37   17   37  2.0862D-06  4.8385D+00  5.7666D-04  4.9172D-04  S37 :  9.7067D-20  Ar37:  8.4940D-05  K37 :  1.0655D-34
Ar36   18   36  5.6315D-05  1.0471D+01  3.3688D-02  3.3669D-02  Cl36:  1.8533D-05
Ar38   18   38  1.0808D-05  5.7304D+00  3.5382D-03  3.5382D-03  Cl38:  1.5258D-10  K38 :  1.3628D-13
Ar40   18   40  1.8196D-08  6.2206D+00  6.4665D-06  6.4665D-06
K39    19   39  2.8651D-06  2.2966D+00  3.7592D-04  3.5908D-04  Ar39:  1.6837D-05
K40    19   40  4.6383D-09  4.0253D+01  1.0666D-05  1.0666D-05
K41    19   41  2.1737D-07  8.5681D+00  1.0640D-04  2.6183D-05  Ar41:  1.2990D-09  Ca41:  8.0215D-05  Sc41:  9.2425D-49
Ca40   20   40  6.2452D-05  7.7099D+00  2.7508D-02  2.7508D-02
Ca42   20   42  4.3765D-07  1.1051D+01  2.7630D-04  2.7548D-04  K42 :  8.2862D-07  Sc42:  2.1132D-45
Ca43   20   43  9.3493D-08  1.2096D+01  6.4607D-05  6.4572D-05  Sc43:  3.4671D-08
Ca44   20   44  1.4782D-06  2.8329D+00  2.3924D-04  2.2871D-04  Sc44:  5.0730D-08  Ti44:  1.0476D-05
Ca46   20   46  2.9634D-09  3.8838D+01  6.5753D-06  6.5753D-06
Ca48   20   48  1.4456D-07  9.2457D-01  7.6359D-06  7.6359D-06
Sc45   21   45  4.6794D-08  1.4164D+01  3.7865D-05  1.8779D-05  Ca45:  1.8996D-05  Ti45:  8.9668D-08  V45 :  2.5678D-59
Ti46   22   46  2.4899D-07  5.9964D+00  8.5297D-05  8.0943D-05  Sc46:  4.3544D-06  V46 :  1.5702D-59
Ti47   22   47  2.2943D-07  2.1466D+00  2.8136D-05  2.6669D-05  Ca47:  1.4068D-07  Sc47:  1.3268D-06  V47 :  8.5389D-11
Ti48   22   48  2.3217D-06  2.5638D+00  3.4005D-04  1.2125D-04  Sc48:  2.1750D-07  V48 :  3.4420D-07  Cr48:  2.1824D-04
Ti49   22   49  1.7393D-07  4.7267D+00  4.6967D-05  2.5592D-05  Ca49:  1.9267D-18  Sc49:  1.4880D-10  V49 :  2.1331D-05  Cr49:  4.3461D-08
Ti50   22   50  1.6993D-07  4.8046D+00  4.6643D-05  4.6643D-05
V50    23   50  7.8323D-10  1.7471D+01  7.8173D-07  7.8173D-07
V51    23   51  3.1876D-07  3.9571D+00  7.2060D-05  1.8734D-05  Ti51:  1.7946D-16  Cr51:  5.3178D-05  Mn51:  1.4772D-07
Cr50   24   50  6.9813D-07  7.9947D+00  3.1886D-04  3.1886D-04  Mn50:  1.5702D-59
Cr52   24   52  1.4001D-05  6.2315D+00  4.9845D-03  7.3590D-04  V52 :  5.5677D-15  Mn52:  1.0777D-03  Fe52:  3.1709D-03
Cr53   24   53  1.6182D-06  5.8637D+00  5.4207D-04  8.1814D-05  Mn53:  4.6025D-04  Fe53:  9.3714D-13
Cr54   24   54  4.1040D-07  4.7405D+00  1.1114D-04  1.1010D-04  Mn54:  1.0417D-06
Mn55   25   55  1.0898D-05  4.6977D+00  2.9247D-03  5.3182D-04  Cr55:  3.1204D-16  Fe55:  5.1826D-04  Co55:  1.8747D-03
Fe54   26   54  7.3478D-05  6.2435D+00  2.6208D-02  2.6208D-02  Co54:  1.5702D-59
Fe56   26   56  1.1962D-03  2.2876D+00  1.5632D-01  5.4878D-02  Mn56:  1.6913D-07  Co56:  8.8971D-06  Ni56:  1.0144D-01
Fe57   26   57  2.8118D-05  2.5444D+00  4.0871D-03  2.8734D-03  Mn57:  1.7759D-17  Co57:  9.2750D-05  Ni57:  1.1210D-03  Cu57:  1.5702D-59
Fe58   26   58  3.8076D-06  2.6453D+01  5.7544D-03  5.7425D-03  Co58:  1.1871D-05
Co59   27   59  4.2445D-06  1.0243D+01  2.4839D-03  1.7300D-03  Fe59:  6.7483D-04  Ni59:  7.9048D-05  Cu59:  3.2310D-20
Ni58   28   58  4.8240D-05  1.3837D+00  3.8135D-03  3.8135D-03  Cu58:  2.1689D-37
Ni60   28   60  1.9223D-05  2.3221D+00  2.5501D-03  2.1169D-03  Fe60:  2.4923D-04  Co60:  1.8392D-04  Cu60:  3.0272D-14  Zn60:  2.5979D-23
Ni61   28   61  8.4952D-07  1.5975D+01  7.7531D-04  7.7290D-04  Fe61:  1.9763D-19  Co61:  2.3949D-06  Cu61:  1.6436D-08  Zn61:  2.5920D-22
Ni62   28   62  2.7531D-06  1.6740D+01  2.6329D-03  2.6329D-03  Cu62:  1.3629D-12  Zn62:  1.5019D-09  Ga62:  1.5702D-59
Ni64   28   64  7.2374D-07  1.3292D+01  5.4960D-04  5.4960D-04
Cu63   29   63  4.9686D-07  1.9230D+01  5.4586D-04  1.2500D-04  Ni63:  4.2086D-04  Zn63:  3.8817D-12  Ga63:  7.2380D-31
Cu65   29   65  2.2849D-07  1.9859D+01  2.5922D-04  2.4013D-04  Ni65:  2.6207D-07  Zn65:  1.8834D-05  Ga65:  3.8524D-16  Ge65:  2.9515D-34
Zn64   30   64  8.3188D-07  3.2657D+00  1.5520D-04  1.4148D-04  Cu64:  1.3719D-05  Ga64:  5.7084D-26  Ge64:  1.1979D-32
Zn66   30   66  4.9218D-07  8.9678D+00  2.5216D-04  2.5215D-04  Cu66:  8.2442D-15  Ga66:  1.4449D-09  Ge66:  5.8175D-14
Zn67   30   67  7.3424D-08  1.3531D+01  5.6759D-05  5.6637D-05  Ga67:  1.2207D-07  Ge67:  5.3082D-18
Zn68   30   68  3.4079D-07  1.1111D+01  2.1632D-04  2.1628D-04  Ga68:  8.0533D-10  Ge68:  4.4734D-08
Zn70   30   70  1.1600D-08  9.1682D+00  6.0759D-06  6.0759D-06
Ga69   31   69  3.3478D-08  1.5842D+01  3.0298D-05  3.0260D-05  Zn69:  2.4713D-08  Ge69:  1.3256D-08
Ga71   31   71  2.2862D-08  1.4396D+01  1.8803D-05  1.2952D-05  Zn71:  4.9584D-20  Ge71:  5.8504D-06  As71:  5.7120D-10
Ge70   32   70  4.7971D-08  1.2100D+01  3.3160D-05  3.3160D-05  Ga70:  5.7493D-12
Ge72   32   72  6.5204D-08  8.5401D+00  3.1812D-05  3.0725D-05  Ga72:  1.0859D-06  As72:  1.1576D-09
Ge73   32   73  1.8556D-08  9.0683D+00  9.6132D-06  9.5582D-06  As73:  5.4960D-08
Ge74   32   74  8.8283D-08  5.8367D+00  2.9438D-05  2.9423D-05  As74:  1.4333D-08
Ge76   32   76  1.9019D-08  2.2924D+00  2.4907D-06  2.4907D-06
As75   33   75  1.1016D-08  7.8805D+00  4.9596D-06  4.9168D-06  Ge75:  1.4595D-08  Se75:  2.8200D-08  Br75:  1.2870D-14
Se74   34   74  1.0607D-09  4.1161D+00  2.4943D-07  2.4943D-07
Se76   34   76  1.1469D-08  9.7451D+00  6.3852D-06  5.7608D-06  As76:  6.2443D-07  Br76:  1.8625D-11
Se77   34   77  9.4622D-09  8.6499D+00  4.6759D-06  2.7872D-06  Ge77:  2.3043D-08  As77:  1.8649D-06  Br77:  7.9600D-10
Se78   34   78  2.9861D-08  4.7791D+00  8.1527D-06  8.1527D-06  Br78:  7.6203D-17
Se80   34   80  6.3920D-08  2.9704D+00  1.0847D-05  1.0847D-05
Se82   34   82  1.1529D-08  1.4703D+00  9.6846D-07  9.6846D-07
Br79   35   79  1.0222D-08  5.4979D+00  3.2106D-06  6.1272D-07  Se79:  2.5973D-06  Kr79:  5.3462D-10  Rb79:  8.0754D-19
Br81   35   81  1.0195D-08  3.2681D+00  1.9035D-06  1.7443D-06  Se81:  7.3760D-15  Kr81:  1.5919D-07  Rb81:  5.1169D-13
Kr78   36   78  3.6964D-10  9.1529D-01  1.9328D-08  1.9328D-08
Kr80   36   80  2.4360D-09  4.9498D+00  6.8885D-07  6.8885D-07  Br80:  1.8284D-14  Rb80:  1.0049D-21
Kr82   36   82  1.2511D-08  6.0182D+00  4.3016D-06  4.2167D-06  Br82:  8.4914D-08  Rb82:  8.3682D-13
Kr83   36   83  1.2546D-08  3.1774D+00  2.2773D-06  2.2485D-06  Se83:  2.3628D-14  Br83:  2.7838D-08  Rb83:  1.0184D-09
Kr84   36   84  6.2574D-08  2.5229D+00  9.0189D-06  9.0188D-06  Rb84:  1.0020D-10
Kr86   36   86  1.9374D-08  2.9186D+00  3.2302D-06  3.2302D-06
Rb85   37   85  1.4679D-08  3.0444D+00  2.5531D-06  1.1804D-06  Kr85:  1.3718D-06  Sr85:  8.1507D-10  Y85 :  3.6369D-15
Rb87   37   87  6.1834D-09  4.6503D+00  1.6427D-06  1.6427D-06  Kr87:  2.9204D-11
Sr84   38   84  2.5579D-10  1.2878D+00  1.8819D-08  1.8819D-08
Sr86   38   86  4.6312D-09  6.0773D+00  1.6079D-06  1.3270D-06  Rb86:  2.8095D-07  Y86 :  3.5573D-14
Sr87   38   87  3.2742D-09  5.1647D+00  9.6606D-07  9.6603D-07  Y87 :  2.5332D-11
Sr88   38   88  3.9706D-08  3.7843D+00  8.5840D-06  8.5839D-06  Rb88:  4.6004D-15  Y88 :  8.5363D-11
Y89    39   89  1.0626D-08  3.0345D+00  1.8421D-06  1.4398D-06  Sr89:  4.0224D-07
Zr90   40   90  1.2960D-08  1.8106D+00  1.3405D-06  1.2031D-06  Sr90:  1.0782D-07  Y90 :  2.9574D-08
Zr91   40   91  2.8577D-09  2.6013D+00  4.2468D-07  3.2694D-07  Sr91:  1.1741D-09  Y91 :  9.6287D-08  Nb91:  2.8412D-10
Zr92   40   92  4.4160D-09  1.8931D+00  4.7761D-07  4.7758D-07  Nb92:  3.0451D-11
Zr94   40   94  4.5725D-09  1.5449D+00  4.0357D-07  4.0357D-07
Zr96   40   96  7.5233D-10  1.3198D+00  5.6723D-08  5.6723D-08
Nb93   41   93  1.9745D-09  1.6283D+00  1.8368D-07  7.7754D-08  Zr93:  1.0550D-07  Mo93:  4.2607D-10
Mo92   42   92  7.4625D-10  8.9898D-01  3.8326D-08  3.8326D-08
Mo94   42   94  4.8037D-10  1.0841D+00  2.9750D-08  2.9706D-08  Nb94:  4.3646D-11
Mo95   42   95  8.4024D-10  1.7811D+00  8.5496D-08  3.9371D-08  Zr95:  4.5214D-08  Nb95:  9.1136D-10
Mo96   42   96  8.9379D-10  1.8781D+00  9.5898D-08  9.5841D-08  Nb96:  5.7536D-11
Mo97   42   97  5.1997D-10  8.9341D+00  2.6539D-07  2.6513D-07  Zr97:  2.3937D-10  Nb97:  2.0176D-11
Mo98   42   98  1.3349D-09  3.3919D+00  2.5867D-07  2.5867D-07
