nome    Z    A   solar       PF          YieldTot 
H       1    1  7.2155D-01  4.3896D-01  2.4353D+01  2.4353D+01
H2      1    2  2.9439D-05  1.6242D-13  3.6762D-16  3.6762D-16
He3     2    3  3.1196D-05  4.6838D-01  1.1234D-03  1.1234D-03  H3  :  1.2594D-29
He4     2    4  2.6500D-01  1.5193D+00  3.0956D+01  3.0956D+01
Li6     3    6  5.9602D-10  3.0171D-07  1.3826D-14  1.3826D-14
Li7     3    7  8.4661D-09  1.5530D-03  1.0109D-09  6.7846D-10  Be7 :  3.3240D-10
Be9     4    9  1.5889D-10  1.2331D-02  1.5065D-10  1.5065D-10
B10     5   10  7.3404D-10  2.2363D-02  1.2621D-09  1.2621D-09  Be10:  1.9419D-59
B11     5   11  3.2501D-09  1.1410D-01  2.8513D-08  2.8513D-08
C12     6   12  2.3514D-03  2.6668D+01  4.8214D+00  4.8214D+00
C13     6   13  2.8494D-05  1.6914D+00  3.7055D-03  3.7055D-03  N13 :  1.2565D-11
N14     7   14  6.9520D-04  5.6864D+00  3.0395D-01  3.0395D-01  C14 :  1.1390D-06
N15     7   15  1.7096D-06  2.0250D-01  2.6618D-05  2.6618D-05  O15 :  8.6658D-15
O16     8   16  5.7553D-03  2.8685D+01  1.2693D+01  1.2693D+01  N16 :  1.1871D-29
O17     8   17  2.3231D-06  4.8348D-01  8.6357D-05  8.6357D-05  F17 :  1.6836D-18
O18     8   18  1.2980D-05  2.1320D-01  2.1278D-04  2.1265D-04  F18 :  1.2904D-07
F19     9   19  5.0785D-07  8.3526D-01  3.2614D-05  3.2614D-05  O19 :  8.7732D-21
Ne20   10   20  1.1647D-03  1.6361D+01  1.4651D+00  1.4651D+00  F20 :  9.1737D-23
Ne21   10   21  2.9317D-06  4.2490D+01  9.5775D-03  9.5775D-03  Na21:  5.1983D-14
Ne22   10   22  9.4207D-05  1.3630D+01  9.8726D-02  9.8714D-02  Na22:  1.1470D-05
Na23   11   23  2.9424D-05  1.4001D+01  3.1676D-02  3.1676D-02  Ne23:  1.2655D-14  Mg23:  1.6279D-15
Mg24   12   24  5.5560D-04  8.3160D+00  3.5524D-01  3.5522D-01  Na24:  2.6272D-05
Mg25   12   25  7.3269D-05  1.2322D+01  6.9412D-02  6.9412D-02  Al25:  2.1847D-17
Mg26   12   26  8.3896D-05  2.3347D+01  1.5060D-01  1.4997D-01  Al26:  4.8141D-04  Alg6:  1.4792D-04  Alm6:  9.4619D-12
Al27   13   27  5.6020D-05  1.1757D+01  5.0641D-02  5.0641D-02  Mg27:  1.2255D-10  Si27:  2.2129D-18
Si28   14   28  6.1519D-04  1.5338D+01  7.2549D-01  7.2549D-01  Al28:  4.2345D-11
Si29   14   29  3.2353D-05  7.9085D+00  1.9673D-02  1.9673D-02  P29 :  2.9625D-20
Si30   14   30  2.2063D-05  1.7521D+01  2.9721D-02  2.9721D-02  P30 :  8.2325D-11
P31    15   31  5.8660D-06  1.1643D+01  5.2514D-03  5.2494D-03  Si31:  1.9080D-06  S31 :  8.5342D-24
S32    16   32  2.9480D-04  1.3060D+01  2.9603D-01  2.9601D-01  Si32:  1.8041D-07  P32 :  1.8829D-05
S33    16   33  2.4339D-06  1.1818D+01  2.2115D-03  2.2034D-03  P33 :  8.0885D-06  Cl33:  1.2077D-24
S34    16   34  1.4155D-05  1.0099D+01  1.0991D-02  1.0991D-02  P34 :  7.3114D-20  Cl34:  4.9197D-28
S36    16   36  6.9873D-08  2.8199D+00  1.5149D-05  1.5149D-05
Cl35   17   35  6.1745D-06  2.2572D+00  1.0716D-03  1.0623D-03  S35 :  9.3208D-06
Cl37   17   37  2.0862D-06  4.5411D+00  7.2839D-04  6.1566D-04  S37 :  1.0015D-16  Ar37:  1.1273D-04  K37 :  2.2360D-34
Ar36   18   36  5.6315D-05  1.1187D+01  4.8438D-02  4.8413D-02  Cl36:  2.5028D-05
Ar38   18   38  1.0808D-05  6.4662D+00  5.3733D-03  5.3733D-03  Cl38:  2.3333D-10  K38 :  2.2340D-13
Ar40   18   40  1.8196D-08  4.3271D+00  6.0537D-06  6.0537D-06
K39    19   39  2.8651D-06  2.4041D+00  5.2960D-04  5.1442D-04  Ar39:  1.5182D-05
K40    19   40  4.6383D-09  4.0830D+01  1.4561D-05  1.4561D-05
K41    19   41  2.1737D-07  8.7509D+00  1.4625D-04  3.2840D-05  Ar41:  1.6625D-09  Ca41:  1.1341D-04  Sc41:  1.7001D-48
Ca40   20   40  6.2452D-05  8.2528D+00  3.9627D-02  3.9627D-02
Ca42   20   42  4.3765D-07  1.0923D+01  3.6757D-04  3.6662D-04  K42 :  9.4275D-07  Sc42:  9.0707D-46
Ca43   20   43  9.3493D-08  1.0461D+01  7.5200D-05  7.5164D-05  Sc43:  3.6076D-08
Ca44   20   44  1.4782D-06  2.5770D+00  2.9289D-04  2.7839D-04  Sc44:  7.1435D-08  Ti44:  1.4431D-05
Ca46   20   46  2.9634D-09  3.5749D+01  8.1453D-06  8.1453D-06
Ca48   20   48  1.4456D-07  9.2576D-01  1.0290D-05  1.0290D-05
Sc45   21   45  4.6794D-08  1.2416D+01  4.4672D-05  2.5295D-05  Ca45:  1.9250D-05  Ti45:  1.2721D-07  V45 :  3.8639D-59
Ti46   22   46  2.4899D-07  6.4248D+00  1.2300D-04  1.1862D-04  Sc46:  4.3829D-06  V46 :  1.9591D-59
Ti47   22   47  2.2943D-07  2.0421D+00  3.6022D-05  3.4111D-05  Ca47:  2.2577D-07  Sc47:  1.6854D-06  V47 :  1.2174D-10
Ti48   22   48  2.3217D-06  2.5904D+00  4.6240D-04  1.6312D-04  Sc48:  3.1862D-07  V48 :  5.3138D-07  Cr48:  2.9843D-04
Ti49   22   49  1.7393D-07  4.5127D+00  6.0347D-05  3.1555D-05  Ca49:  2.1640D-15  Sc49:  2.6951D-10  V49 :  2.8732D-05  Cr49:  5.8866D-08
Ti50   22   50  1.6993D-07  4.2351D+00  5.5334D-05  5.5334D-05
V50    23   50  7.8323D-10  1.8363D+01  1.1058D-06  1.1058D-06
V51    23   51  3.1876D-07  3.9303D+00  9.6324D-05  2.5481D-05  Ti51:  1.1557D-13  Cr51:  7.0645D-05  Mn51:  1.9751D-07
Cr50   24   50  6.9813D-07  7.8535D+00  4.2155D-04  4.2155D-04  Mn50:  1.9419D-59
Cr52   24   52  1.4001D-05  5.9570D+00  6.4128D-03  1.0074D-03  V52 :  5.6333D-14  Mn52:  1.3761D-03  Fe52:  4.0293D-03
Cr53   24   53  1.6182D-06  5.5771D+00  6.9387D-04  1.0986D-04  Mn53:  5.8402D-04  Fe53:  1.6368D-12
Cr54   24   54  4.1040D-07  4.3460D+00  1.3713D-04  1.3550D-04  Mn54:  1.6345D-06
Mn55   25   55  1.0898D-05  4.3984D+00  3.6854D-03  7.4743D-04  Cr55:  3.1485D-13  Fe55:  6.4243D-04  Co55:  2.2955D-03
Fe54   26   54  7.3478D-05  6.0556D+00  3.4211D-02  3.4211D-02  Co54:  1.9419D-59
Fe56   26   56  1.1962D-03  2.0261D+00  1.8634D-01  7.5753D-02  Mn56:  2.7846D-07  Co56:  1.1625D-05  Ni56:  1.1057D-01
Fe57   26   57  2.8118D-05  2.3599D+00  5.1018D-03  3.7460D-03  Mn57:  7.5927D-17  Co57:  1.1313D-04  Ni57:  1.2427D-03  Cu57:  1.9419D-59
Fe58   26   58  3.8076D-06  2.3934D+01  7.0068D-03  6.9882D-03  Co58:  1.8595D-05
Co59   27   59  4.2445D-06  9.0033D+00  2.9382D-03  2.1298D-03  Fe59:  6.8658D-04  Ni59:  1.2181D-04  Cu59:  1.8611D-17
Ni58   28   58  4.8240D-05  1.3368D+00  4.9582D-03  4.9582D-03  Cu58:  7.3029D-38
Ni60   28   60  1.9223D-05  2.2504D+00  3.3261D-03  2.8323D-03  Fe60:  3.2018D-04  Co60:  1.7361D-04  Cu60:  3.1889D-14  Zn60:  4.4458D-23
Ni61   28   61  8.4952D-07  1.3877D+01  9.0638D-04  9.0256D-04  Fe61:  4.1726D-16  Co61:  3.8015D-06  Cu61:  1.8375D-08  Zn61:  4.1647D-22
Ni62   28   62  2.7531D-06  1.4656D+01  3.1024D-03  3.1024D-03  Cu62:  1.9305D-12  Zn62:  1.7836D-09  Ga62:  1.9419D-59
Ni64   28   64  7.2374D-07  1.0888D+01  6.0585D-04  6.0585D-04
Cu63   29   63  4.9686D-07  1.5209D+01  5.8101D-04  1.9100D-04  Ni63:  3.9001D-04  Zn63:  5.0166D-12  Ga63:  3.5401D-30
Cu65   29   65  2.2849D-07  1.8591D+01  3.2661D-04  3.0706D-04  Ni65:  3.9044D-07  Zn65:  1.9153D-05  Ga65:  2.2133D-14  Ge65:  3.3942D-34
Zn64   30   64  8.3188D-07  3.3859D+00  2.1657D-04  2.0074D-04  Cu64:  1.5821D-05  Ga64:  1.0610D-25  Ge64:  1.8325D-32
Zn66   30   66  4.9218D-07  7.9842D+00  3.0214D-04  3.0214D-04  Cu66:  8.7560D-12  Ga66:  1.5045D-09  Ge66:  6.1030D-14
Zn67   30   67  7.3424D-08  1.0495D+01  5.9247D-05  5.9105D-05  Ga67:  1.4195D-07  Ge67:  6.4127D-18
Zn68   30   68  3.4079D-07  9.4379D+00  2.4730D-04  2.4723D-04  Ga68:  1.0270D-09  Ge68:  5.9998D-08
Zn70   30   70  1.1600D-08  1.0523D+01  9.3854D-06  9.3854D-06
Ga69   31   69  3.3478D-08  1.3548D+01  3.4872D-05  3.4822D-05  Zn69:  3.2212D-08  Ge69:  1.7697D-08
Ga71   31   71  2.2862D-08  1.2358D+01  2.1723D-05  1.6617D-05  Zn71:  5.4481D-17  Ge71:  5.1059D-06  As71:  4.9331D-10
Ge70   32   70  4.7971D-08  9.7597D+00  3.5997D-05  3.5997D-05  Ga70:  1.7779D-11
Ge72   32   72  6.5204D-08  6.8432D+00  3.4307D-05  3.3127D-05  Ga72:  1.1787D-06  As72:  1.1817D-09
Ge73   32   73  1.8556D-08  6.6140D+00  9.4362D-06  9.3640D-06  As73:  7.2162D-08
Ge74   32   74  8.8283D-08  4.7636D+00  3.2334D-05  3.2317D-05  As74:  1.7117D-08
Ge76   32   76  1.9019D-08  2.3858D+00  3.4887D-06  3.4887D-06
As75   33   75  1.1016D-08  6.6398D+00  5.6240D-06  5.5713D-06  Ge75:  1.6695D-08  Se75:  3.5956D-08  Br75:  1.2437D-14
Se74   34   74  1.0607D-09  3.5552D+00  2.8994D-07  2.8994D-07
Se76   34   76  1.1469D-08  7.6927D+00  6.7836D-06  6.3485D-06  As76:  4.3504D-07  Br76:  2.0106D-11
Se77   34   77  9.4622D-09  6.4012D+00  4.6570D-06  2.8517D-06  Ge77:  3.5345D-08  As77:  1.7690D-06  Br77:  8.9253D-10
Se78   34   78  2.9861D-08  3.7782D+00  8.6743D-06  8.6743D-06  Br78:  1.6173D-16
Se80   34   80  6.3920D-08  2.2344D+00  1.0981D-05  1.0981D-05
Se82   34   82  1.1529D-08  1.4857D+00  1.3170D-06  1.3170D-06
Br79   35   79  1.0222D-08  3.9121D+00  3.0746D-06  9.0017D-07  Se79:  2.1738D-06  Kr79:  6.5760D-10  Rb79:  1.3038D-18
Br81   35   81  1.0195D-08  2.6924D+00  2.1105D-06  1.9096D-06  Se81:  6.5601D-14  Kr81:  2.0090D-07  Rb81:  6.2311D-13
Kr78   36   78  3.6964D-10  9.0301D-01  2.5664D-08  2.5664D-08
Kr80   36   80  2.4360D-09  5.7585D+00  1.0785D-06  1.0785D-06  Br80:  1.1564D-12  Rb80:  1.5638D-21
Kr82   36   82  1.2511D-08  5.0965D+00  4.9027D-06  4.8454D-06  Br82:  5.7244D-08  Rb82:  1.0481D-12
Kr83   36   83  1.2546D-08  2.6153D+00  2.5226D-06  2.4905D-06  Se83:  3.9366D-14  Br83:  3.0744D-08  Rb83:  1.4004D-09
Kr84   36   84  6.2574D-08  2.1336D+00  1.0265D-05  1.0265D-05  Rb84:  1.4365D-10
Kr86   36   86  1.9374D-08  2.3343D+00  3.4771D-06  3.4771D-06
Rb85   37   85  1.4679D-08  2.4137D+00  2.7242D-06  1.5524D-06  Kr85:  1.1707D-06  Sr85:  1.1122D-09  Y85 :  6.0270D-15
Rb87   37   87  6.1834D-09  3.9694D+00  1.8871D-06  1.8871D-06  Kr87:  2.5036D-11
Sr84   38   84  2.5579D-10  1.3595D+00  2.6738D-08  2.6738D-08
Sr86   38   86  4.6312D-09  5.7696D+00  2.0544D-06  1.7938D-06  Rb86:  2.6063D-07  Y86 :  5.4285D-14
Sr87   38   87  3.2742D-09  4.7346D+00  1.1919D-06  1.1919D-06  Y87 :  3.4728D-11
Sr88   38   88  3.9706D-08  3.4218D+00  1.0446D-05  1.0446D-05  Rb88:  1.2179D-14  Y88 :  1.1297D-10
Y89    39   89  1.0626D-08  2.6721D+00  2.1831D-06  1.8198D-06  Sr89:  3.6326D-07
Zr90   40   90  1.2960D-08  1.7056D+00  1.6996D-06  1.5475D-06  Sr90:  1.2358D-07  Y90 :  2.8469D-08
Zr91   40   91  2.8577D-09  2.2239D+00  4.8863D-07  3.9166D-07  Sr91:  7.0675D-10  Y91 :  9.5887D-08  Nb91:  3.7425D-10
Zr92   40   92  4.4160D-09  1.7353D+00  5.8918D-07  5.8914D-07  Nb92:  4.4673D-11
Zr94   40   94  4.5725D-09  1.4456D+00  5.0822D-07  5.0822D-07
Zr96   40   96  7.5233D-10  1.0313D+00  5.9652D-08  5.9652D-08
Nb93   41   93  1.9745D-09  1.4337D+00  2.1766D-07  1.0591D-07  Zr93:  1.1103D-07  Mo93:  7.2040D-10
Mo92   42   92  7.4625D-10  9.3516D-01  5.3656D-08  5.3656D-08
Mo94   42   94  4.8037D-10  1.2320D+00  4.5503D-08  4.5446D-08  Nb94:  5.6722D-11
Mo95   42   95  8.4024D-10  1.5035D+00  9.7133D-08  5.6098D-08  Zr95:  4.0347D-08  Nb95:  6.8909D-10
Mo96   42   96  8.9379D-10  1.9516D+00  1.3411D-07  1.3408D-07  Nb96:  3.4703D-11
Mo97   42   97  5.1997D-10  8.6065D+00  3.4407D-07  3.4394D-07  Zr97:  1.2105D-10  Nb97:  1.1256D-11
Mo98   42   98  1.3349D-09  2.5854D+00  2.6534D-07  2.6534D-07
