nome    Z    A   solar       PF          YieldTot 
H       1    1  7.2155D-01  4.3767D-01  3.7051D+01  3.7051D+01
H2      1    2  2.9439D-05  1.4492D-13  5.0055D-16  5.0055D-16
He3     2    3  3.1196D-05  4.2162D-01  1.5431D-03  1.5431D-03  H3  :  1.3925D-29
He4     2    4  2.6500D-01  1.8699D+00  5.8136D+01  5.8136D+01
Li6     3    6  5.9602D-10  1.5868D-15  1.1096D-22  1.1096D-22
Li7     3    7  8.4661D-09  2.4828D-06  2.4660D-12  1.4082D-15  Be7 :  2.4646D-12
Be9     4    9  1.5889D-10  7.2043D-34  1.3430D-41  1.3430D-41
B10     5   10  7.3404D-10  9.0808D-08  7.8204D-15  7.8204D-15  Be10:  1.9818D-59
B11     5   11  3.2501D-09  1.2019D-01  4.5831D-08  4.5831D-08
C12     6   12  2.3514D-03  1.6765D+01  4.6249D+00  4.6249D+00
C13     6   13  2.8494D-05  6.7187D-01  2.2460D-03  2.2460D-03  N13 :  6.4919D-12
N14     7   14  6.9520D-04  7.1395D+00  5.8232D-01  5.8232D-01  C14 :  9.6767D-07
N15     7   15  1.7096D-06  2.1160D-01  4.2443D-05  4.2443D-05  O15 :  9.4086D-15
O16     8   16  5.7553D-03  1.8556D+01  1.2530D+01  1.2530D+01  N16 :  1.9868D-31
O17     8   17  2.3231D-06  3.8313D-01  1.0442D-04  1.0442D-04  F17 :  1.2505D-18
O18     8   18  1.2980D-05  1.8543D-01  2.8239D-04  2.8232D-04  F18 :  6.3041D-08
F19     9   19  5.0785D-07  5.5111D-01  3.2836D-05  3.2836D-05  O19 :  7.9202D-23
Ne20   10   20  1.1647D-03  1.3388D+01  1.8294D+00  1.8294D+00  F20 :  9.8669D-26
Ne21   10   21  2.9317D-06  2.5413D+01  8.7410D-03  8.7410D-03  Na21:  3.2950D-15
Ne22   10   22  9.4207D-05  8.8023D+00  9.7289D-02  9.7270D-02  Na22:  1.8678D-05
Na23   11   23  2.9424D-05  1.3998D+01  4.8322D-02  4.8322D-02  Ne23:  1.1415D-16  Mg23:  6.0528D-16
Mg24   12   24  5.5560D-04  6.2679D+00  4.0857D-01  4.0854D-01  Na24:  2.6944D-05
Mg25   12   25  7.3269D-05  8.1243D+00  6.9837D-02  6.9837D-02  Al25:  4.8885D-18
Mg26   12   26  8.3896D-05  1.5300D+01  1.5060D-01  1.4921D-01  Al26:  8.6009D-04  Alg6:  5.2601D-04  Alm6:  4.2991D-12
Al27   13   27  5.6020D-05  1.0469D+01  6.8806D-02  6.8806D-02  Mg27:  9.0071D-13  Si27:  3.5137D-19
Si28   14   28  6.1519D-04  1.0634D+01  7.6752D-01  7.6752D-01  Al28:  1.9015D-11
Si29   14   29  3.2353D-05  5.6626D+00  2.1494D-02  2.1494D-02  P29 :  7.0040D-22
Si30   14   30  2.2063D-05  1.1723D+01  3.0344D-02  3.0344D-02  P30 :  7.5205D-11
P31    15   31  5.8660D-06  7.6690D+00  5.2779D-03  5.2761D-03  Si31:  1.7730D-06  S31 :  5.6679D-25
S32    16   32  2.9480D-04  8.9388D+00  3.0917D-01  3.0914D-01  Si32:  1.8556D-07  P32 :  2.2884D-05
S33    16   33  2.4339D-06  7.3922D+00  2.1109D-03  2.1011D-03  P33 :  9.7652D-06  Cl33:  1.3253D-25
S34    16   34  1.4155D-05  6.5973D+00  1.0956D-02  1.0956D-02  P34 :  4.3086D-21  Cl34:  2.9519D-30
S36    16   36  6.9873D-08  2.4233D+00  1.9866D-05  1.9866D-05
Cl35   17   35  6.1745D-06  1.7297D+00  1.2530D-03  1.2426D-03  S35 :  1.0395D-05
Cl37   17   37  2.0862D-06  3.2699D+00  8.0032D-04  6.8411D-04  S37 :  7.5078D-19  Ar37:  1.1622D-04  K37 :  4.9819D-36
Ar36   18   36  5.6315D-05  7.5923D+00  5.0163D-02  5.0140D-02  Cl36:  2.2989D-05
Ar38   18   38  1.0808D-05  4.5710D+00  5.7960D-03  5.7960D-03  Cl38:  1.4182D-10  K38 :  3.4306D-13
Ar40   18   40  1.8196D-08  3.9371D+00  8.4049D-06  8.4049D-06
K39    19   39  2.8651D-06  1.9105D+00  6.4222D-04  6.2407D-04  Ar39:  1.8145D-05
K40    19   40  4.6383D-09  2.5307D+01  1.3771D-05  1.3771D-05
K41    19   41  2.1737D-07  5.7477D+00  1.4658D-04  4.1921D-05  Ar41:  1.1880D-09  Ca41:  1.0466D-04  Sc41:  6.6040D-51
Ca40   20   40  6.2452D-05  5.5788D+00  4.0876D-02  4.0876D-02
Ca42   20   42  4.3765D-07  7.5999D+00  3.9023D-04  3.8940D-04  K42 :  8.3342D-07  Sc42:  9.3316D-48
Ca43   20   43  9.3493D-08  7.6085D+00  8.3457D-05  8.3409D-05  Sc43:  4.8521D-08
Ca44   20   44  1.4782D-06  2.0904D+00  3.6254D-04  3.4856D-04  Sc44:  8.3978D-08  Ti44:  1.3893D-05
Ca46   20   46  2.9634D-09  2.9600D+01  1.0291D-05  1.0291D-05
Ca48   20   48  1.4456D-07  9.5113D-01  1.6132D-05  1.6132D-05
Sc45   21   45  4.6794D-08  9.0610D+00  4.9745D-05  2.7391D-05  Ca45:  2.2233D-05  Ti45:  1.2051D-07  V45 :  2.0221D-59
Ti46   22   46  2.4899D-07  4.4215D+00  1.2916D-04  1.2482D-04  Sc46:  4.3416D-06  V46 :  1.9818D-59
Ti47   22   47  2.2943D-07  1.6192D+00  4.3584D-05  4.1617D-05  Ca47:  3.5360D-07  Sc47:  1.6142D-06  V47 :  1.1000D-10
Ti48   22   48  2.3217D-06  1.9578D+00  5.3328D-04  2.5260D-04  Sc48:  2.3169D-07  V48 :  5.3852D-07  Cr48:  2.7992D-04
Ti49   22   49  1.7393D-07  3.2427D+00  6.6170D-05  3.7123D-05  Ca49:  1.5125D-17  Sc49:  1.5802D-10  V49 :  2.8989D-05  Cr49:  5.7704D-08
Ti50   22   50  1.6993D-07  3.1586D+00  6.2974D-05  6.2974D-05
V50    23   50  7.8323D-10  9.6177D+00  8.8378D-07  8.8378D-07
V51    23   51  3.1876D-07  3.1013D+00  1.1598D-04  3.7988D-05  Ti51:  1.0948D-15  Cr51:  7.7785D-05  Mn51:  2.1018D-07
Cr50   24   50  6.9813D-07  6.0531D+00  4.9579D-04  4.9579D-04  Mn50:  1.9818D-59
Cr52   24   52  1.4001D-05  3.9991D+00  6.5692D-03  1.5642D-03  V52 :  1.3442D-14  Mn52:  1.2841D-03  Fe52:  3.7210D-03
Cr53   24   53  1.6182D-06  4.1043D+00  7.7919D-04  1.7571D-04  Mn53:  6.0348D-04  Fe53:  2.2107D-12
Cr54   24   54  4.1040D-07  3.2448D+00  1.5623D-04  1.5470D-04  Mn54:  1.5380D-06
Mn55   25   55  1.0898D-05  3.3573D+00  4.2926D-03  1.1722D-03  Cr55:  2.4065D-15  Fe55:  6.6828D-04  Co55:  2.4521D-03
Fe54   26   54  7.3478D-05  4.7501D+00  4.0949D-02  4.0949D-02  Co54:  1.9818D-59
Fe56   26   56  1.1962D-03  1.5986D+00  2.2435D-01  1.2371D-01  Mn56:  2.1904D-07  Co56:  1.4310D-05  Ni56:  1.0063D-01
Fe57   26   57  2.8118D-05  1.8959D+00  6.2543D-03  4.8591D-03  Mn57:  3.0943D-17  Co57:  1.1676D-04  Ni57:  1.2784D-03  Cu57:  1.9818D-59
Fe58   26   58  3.8076D-06  1.6450D+01  7.3485D-03  7.3298D-03  Co58:  1.8765D-05
Co59   27   59  4.2445D-06  6.5916D+00  3.2825D-03  2.3564D-03  Fe59:  8.2136D-04  Ni59:  1.0471D-04  Cu59:  1.4631D-19
Ni58   28   58  4.8240D-05  1.2555D+00  7.1054D-03  7.1054D-03  Cu58:  1.1609D-38
Ni60   28   60  1.9223D-05  1.8289D+00  4.1247D-03  3.5290D-03  Fe60:  4.4607D-04  Co60:  1.4965D-04  Cu60:  2.2580D-14  Zn60:  8.8826D-23
Ni61   28   61  8.4952D-07  9.3351D+00  9.3041D-04  9.2785D-04  Fe61:  8.5584D-19  Co61:  2.5485D-06  Cu61:  1.9122D-08  Zn61:  7.6986D-22
Ni62   28   62  2.7531D-06  9.9767D+00  3.2224D-03  3.2224D-03  Cu62:  2.0192D-12  Zn62:  1.9936D-09  Ga62:  1.9818D-59
Ni64   28   64  7.2374D-07  7.6028D+00  6.4557D-04  6.4557D-04
Cu63   29   63  4.9686D-07  1.0602D+01  6.1802D-04  1.9563D-04  Ni63:  4.2239D-04  Zn63:  4.7646D-12  Ga63:  1.2714D-30
Cu65   29   65  2.2849D-07  1.2148D+01  3.2566D-04  3.0297D-04  Ni65:  2.5945D-07  Zn65:  2.2428D-05  Ga65:  4.5012D-16  Ge65:  4.4517D-34
Zn64   30   64  8.3188D-07  2.4577D+00  2.3987D-04  2.2422D-04  Cu64:  1.5650D-05  Ga64:  1.6535D-25  Ge64:  4.3408D-32
Zn66   30   66  4.9218D-07  5.5093D+00  3.1813D-04  3.1813D-04  Cu66:  6.1645D-14  Ga66:  1.2223D-09  Ge66:  5.8793D-14
Zn67   30   67  7.3424D-08  7.8054D+00  6.7238D-05  6.7097D-05  Ga67:  1.4063D-07  Ge67:  4.2776D-18
Zn68   30   68  3.4079D-07  6.2203D+00  2.4870D-04  2.4865D-04  Ga68:  9.8783D-10  Ge68:  5.3029D-08
Zn70   30   70  1.1600D-08  4.2633D+00  5.8022D-06  5.8022D-06
Ga69   31   69  3.3478D-08  8.4714D+00  3.3273D-05  3.3235D-05  Zn69:  2.2544D-08  Ge69:  1.6365D-08
Ga71   31   71  2.2862D-08  7.3400D+00  1.9688D-05  1.4337D-05  Zn71:  3.3321D-19  Ge71:  5.3503D-06  As71:  5.4911D-10
Ge70   32   70  4.7971D-08  6.1828D+00  3.4797D-05  3.4797D-05  Ga70:  4.4088D-12
Ge72   32   72  6.5204D-08  4.5474D+00  3.4787D-05  3.3861D-05  Ga72:  9.2578D-07  As72:  9.7880D-10
Ge73   32   73  1.8556D-08  4.5921D+00  9.9972D-06  9.9234D-06  As73:  7.3762D-08
Ge74   32   74  8.8283D-08  3.2269D+00  3.3423D-05  3.3406D-05  As74:  1.7627D-08
Ge76   32   76  1.9019D-08  1.4196D+00  3.1676D-06  3.1676D-06
As75   33   75  1.1016D-08  4.0843D+00  5.2789D-06  5.2364D-06  Ge75:  1.2184D-08  Se75:  3.0354D-08  Br75:  9.7178D-15
Se74   34   74  1.0607D-09  2.0521D+00  2.5538D-07  2.5538D-07
Se76   34   76  1.1469D-08  4.9725D+00  6.6909D-06  6.0630D-06  As76:  6.2787D-07  Br76:  1.8462D-11
Se77   34   77  9.4622D-09  4.3201D+00  4.7958D-06  3.1802D-06  Ge77:  1.6038D-08  As77:  1.5989D-06  Br77:  7.4816D-10
Se78   34   78  2.9861D-08  2.7373D+00  9.5896D-06  9.5896D-06  Br78:  1.3978D-16
Se80   34   80  6.3920D-08  1.8379D+00  1.3783D-05  1.3783D-05
Se82   34   82  1.1529D-08  1.1464D+00  1.5508D-06  1.5508D-06
Br79   35   79  1.0222D-08  2.9675D+00  3.5588D-06  1.2402D-06  Se79:  2.3180D-06  Kr79:  5.5879D-10  Rb79:  1.3268D-18
Br81   35   81  1.0195D-08  2.0504D+00  2.4526D-06  2.2486D-06  Se81:  3.4743D-15  Kr81:  2.0396D-07  Rb81:  6.4095D-13
Kr78   36   78  3.6964D-10  9.1066D-01  3.9493D-08  3.9493D-08
Kr80   36   80  2.4360D-09  3.5973D+00  1.0281D-06  1.0281D-06  Br80:  2.4372D-14  Rb80:  1.2553D-21
Kr82   36   82  1.2511D-08  3.6186D+00  5.3116D-06  5.2377D-06  Br82:  7.3923D-08  Rb82:  1.1484D-12
Kr83   36   83  1.2546D-08  2.0601D+00  3.0322D-06  3.0070D-06  Se83:  1.4769D-14  Br83:  2.3825D-08  Rb83:  1.4080D-09
Kr84   36   84  6.2574D-08  1.7857D+00  1.3109D-05  1.3109D-05  Rb84:  1.6911D-10
Kr86   36   86  1.9374D-08  1.8646D+00  4.2381D-06  4.2381D-06
Rb85   37   85  1.4679D-08  2.0106D+00  3.4627D-06  2.1407D-06  Kr85:  1.3210D-06  Sr85:  1.0329D-09  Y85 :  6.2523D-15
Rb87   37   87  6.1834D-09  2.9694D+00  2.1542D-06  2.1542D-06  Kr87:  1.9484D-11
Sr84   38   84  2.5579D-10  1.2109D+00  3.6341D-08  3.6341D-08
Sr86   38   86  4.6312D-09  3.9870D+00  2.1663D-06  1.8597D-06  Rb86:  3.0666D-07  Y86 :  5.8932D-14
Sr87   38   87  3.2742D-09  3.3929D+00  1.3033D-06  1.3033D-06  Y87 :  3.4934D-11
Sr88   38   88  3.9706D-08  2.5445D+00  1.1853D-05  1.1853D-05  Rb88:  2.5870D-15  Y88 :  1.0827D-10
Y89    39   89  1.0626D-08  2.0702D+00  2.5809D-06  2.1716D-06  Sr89:  4.0929D-07
Zr90   40   90  1.2960D-08  1.4338D+00  2.1801D-06  2.0210D-06  Sr90:  1.2630D-07  Y90 :  3.2784D-08
Zr91   40   91  2.8577D-09  1.8098D+00  6.0677D-07  5.0695D-07  Sr91:  7.3154D-10  Y91 :  9.8738D-08  Nb91:  3.4833D-10
Zr92   40   92  4.4160D-09  1.4658D+00  7.5943D-07  7.5939D-07  Nb92:  4.1849D-11
Zr94   40   94  4.5725D-09  1.2727D+00  6.8276D-07  6.8276D-07
Zr96   40   96  7.5233D-10  7.8090D-01  6.8926D-08  6.8926D-08
Nb93   41   93  1.9745D-09  1.2970D+00  3.0046D-07  1.8584D-07  Zr93:  1.1391D-07  Mo93:  7.1473D-10
Mo92   42   92  7.4625D-10  9.4273D-01  8.2538D-08  8.2538D-08
Mo94   42   94  4.8037D-10  1.1307D+00  6.3724D-08  6.3670D-08  Nb94:  5.3312D-11
Mo95   42   95  8.4024D-10  1.3729D+00  1.3534D-07  8.8658D-08  Zr95:  4.5942D-08  Nb95:  7.3439D-10
Mo96   42   96  8.9379D-10  1.8734D+00  1.9645D-07  1.9637D-07  Nb96:  7.5615D-11
Mo97   42   97  5.1997D-10  5.3315D+00  3.2524D-07  3.2509D-07  Zr97:  1.4151D-10  Nb97:  1.3038D-11
Mo98   42   98  1.3349D-09  2.3067D+00  3.6125D-07  3.6125D-07
