

             S O L A R   A B U N D A N C E S
                 E. Anders & N. Grevesse,
             Geochemica et Cosmochimica Acta,
               Vol. 53, pp. 197-214, (1989)
                            *
                         *     *
                            *


       Z   A      N at.        Mass fr.       %


H      1   1    0.2790E+11    7.0573E-01     99.997
H      1   2    0.9490E+06    4.8010E-05    0.34013E-02


He     2   3    0.3860E+06    2.9291E-05    0.14189E-01
He     2   4    0.2720E+10    2.7521E-01     99.986


Li     3   6     4.280        6.4957E-10     7.4956
Li     3   7     52.82        9.3525E-09     92.504


Be     4   9    0.7300        1.6619E-10     100.00


B      5  10     4.220        1.0674E-09     19.906
B      5  11     16.98        4.7246E-09     80.094


C      6  12    0.9990E+07    3.0324E-03     98.901
C      6  13    0.1110E+06    3.6501E-05     1.0989


N      7  14    0.3120E+07    1.1049E-03     99.633
N      7  15    0.1150E+05    4.3634E-06    0.36724


O      8  16    0.2370E+08    9.5918E-03     99.762
O      8  17     9040.        3.8873E-06    0.38053E-01
O      8  18    0.4760E+05    2.1673E-05    0.20037


F      9  19     843.0        4.0515E-07     100.00


Ne    10  20    0.3200E+07    1.6189E-03     92.975
Ne    10  21     7770.        4.1274E-06    0.22576
Ne    10  22    0.2340E+06    1.3022E-04     6.7988


Na    11  23    0.5740E+05    3.3394E-05     100.00


Mg    12  24    0.8480E+06    5.1480E-04     79.031
Mg    12  25    0.1070E+06    6.7664E-05     9.9720
Mg    12  26    0.1180E+06    7.7605E-05     10.997


Al    13  27    0.8490E+05    5.7983E-05     100.00


Si    14  28    0.9220E+06    6.5301E-04     92.228
Si    14  29    0.4670E+05    3.4257E-05     4.6714
Si    14  30    0.3100E+05    2.3524E-05     3.1009


P     15  31    0.1040E+05    8.1551E-06     100.00


S     16  32    0.4890E+06    3.9581E-04     95.014
S     16  33     3860.        3.2221E-06    0.75001
S     16  34    0.2170E+05    1.8663E-05     4.2164
S     16  36     103.0        9.3793E-08    0.20013E-01


Cl    17  35     2860.        2.5320E-06     75.802
Cl    17  37     913.0        8.5449E-07     24.198


Ar    18  36    0.8500E+05    7.7402E-05     84.137
Ar    18  38    0.1600E+05    1.5379E-05     15.838
Ar    18  40     26.00        2.6307E-08    0.25736E-01


K     19  39     3516.        3.4685E-06     93.259
K     19  40    0.4400        4.4519E-10    0.11671E-01
K     19  41     253.7        2.6311E-07     6.7292


Ca    20  40    0.5920E+05    5.9898E-05     96.940
Ca    20  42     395.0        4.1964E-07    0.64681
Ca    20  43     82.50        8.9734E-08    0.13509
Ca    20  44     1275.        1.4190E-06     2.0878
Ca    20  46     2.400        2.7926E-09    0.39300E-02
Ca    20  48     114.0        1.3841E-07    0.18667


Sc    21  45     34.20        3.8929E-08     100.00


Ti    22  46     192.0        2.2340E-07     8.0000
Ti    22  47     175.0        2.0805E-07     7.2917
Ti    22  48     1771.        2.1503E-06     73.792
Ti    22  49     132.0        1.6361E-07     5.5000
Ti    22  50     130.0        1.6442E-07     5.4167


V     23  50    0.7320        9.2579E-10    0.25006
V     23  51     292.0        3.7669E-07     99.750


Cr    24  50     587.0        7.4241E-07     4.3485
Cr    24  52    0.1131E+05    1.4876E-05     83.784
Cr    24  53     1283.        1.7200E-06     9.5044
Cr    24  54     319.0        4.3573E-07     2.3631


Mn    25  55     9950.        1.3843E-05     100.00


Fe    26  54    0.5220E+05    7.1301E-05     5.8031
Fe    26  56    0.8250E+06    1.1686E-03     91.716
Fe    26  57    0.1980E+05    2.8548E-05     2.2012
Fe    26  58     2520.        3.6971E-06    0.28015


Co    27  59     2250.        3.3579E-06     100.00


Ni    28  58    0.3370E+05    4.9441E-05     68.252
Ni    28  60    0.1290E+05    1.9578E-05     26.126
Ni    28  61     557.0        8.5944E-07     1.1281
Ni    28  62     1770.        2.7759E-06     3.5847
Ni    28  64     449.0        7.2687E-07    0.90935


Cu    29  63     361.0        5.7528E-07     69.157
Cu    29  65     161.0        2.6471E-07     30.843


Zn    30  64     613.0        9.9237E-07     48.631
Zn    30  66     352.0        5.8765E-07     27.925
Zn    30  67     51.70        8.7619E-08     4.1015
Zn    30  68     236.0        4.0593E-07     18.723
Zn    30  70     7.800        1.3811E-08    0.61880


Ga    31  69     22.70        3.9619E-08     60.053
Ga    31  71     15.10        2.7119E-08     39.947


Ge    32  70     24.40        4.3204E-08     20.511
Ge    32  72     32.60        5.9372E-08     27.404
Ge    32  73     9.280        1.7136E-08     7.8009
Ge    32  74     43.40        8.1237E-08     36.483
Ge    32  76     9.280        1.7840E-08     7.8009


As    33  75     6.560        1.2445E-08     100.00


Se    34  74    0.5500        1.0295E-09    0.88496
Se    34  76     5.600        1.0766E-08     9.0105
Se    34  77     4.700        9.1542E-09     7.5623
Se    34  78     14.70        2.9003E-08     23.652
Se    34  80     30.90        6.2529E-08     49.718
Se    34  82     5.700        1.1823E-08     9.1714


Br    35  79     5.980        1.1950E-08     50.678
Br    35  81     5.820        1.1925E-08     49.322


Kr    36  78    0.1530        3.0187E-10    0.33998
Kr    36  80    0.9990        2.0216E-09     2.2199
Kr    36  82     5.150        1.0682E-08     11.444
Kr    36  83     5.160        1.0833E-08     11.466
Kr    36  84     25.70        5.4607E-08     57.109
Kr    36  86     7.840        1.7055E-08     17.421


Rb    37  85     5.120        1.1008E-08     72.214
Rb    37  87     1.970        4.3353E-09     27.786


Sr    38  84    0.1320        2.8047E-10    0.56165
Sr    38  86     2.320        5.0468E-09     9.8715
Sr    38  87     1.640        3.6091E-09     6.9781
Sr    38  88     19.41        4.3206E-08     82.589


Y     39  89     4.640        1.0446E-08     100.00


Zr    40  90     5.870        1.3363E-08     51.446
Zr    40  91     1.280        2.9463E-09     11.218
Zr    40  92     1.960        4.5612E-09     17.178
Zr    40  94     1.980        4.7079E-09     17.353
Zr    40  96    0.3200        7.7706E-10     2.8046


Nb    41  93    0.6980        1.6420E-09     100.00


Mo    42  92    0.3780        8.7966E-10     14.824
Mo    42  94    0.2360        5.6114E-10     9.2549
Mo    42  95    0.4060        9.7562E-10     15.922
Mo    42  96    0.4250        1.0320E-09     16.667
Mo    42  97    0.2440        5.9868E-10     9.5686
Mo    42  98    0.6150        1.5245E-09     24.118
Mo    42 100    0.2460        6.2225E-10     9.6471


Ru    44  96    0.1030        2.5012E-10     5.5376
Ru    44  98    0.3500E-01    8.6761E-11     1.8817
Ru    44  99    0.2360        5.9099E-10     12.688
Ru    44 100    0.2340        5.9190E-10     12.581
Ru    44 101    0.3160        8.0731E-10     16.989
Ru    44 102    0.5880        1.5171E-09     31.613
Ru    44 104    0.3480        9.1547E-10     18.710


Rh    45 103    0.3440        8.9625E-10     100.00


Pd    46 102    0.1420E-01    3.6637E-11     1.0214
Pd    46 104    0.1550        4.0775E-10     11.149
Pd    46 105    0.3100        8.2335E-10     22.299
Pd    46 106    0.3800        1.0189E-09     27.334
Pd    46 108    0.3680        1.0053E-09     26.471
Pd    46 110    0.1630        4.5354E-10     11.725


Ag    47 107    0.2520        6.8205E-10     51.852
Ag    47 109    0.2340        6.4517E-10     48.148


Cd    48 106    0.2010E-01    5.3893E-11     1.2481
Cd    48 108    0.1430E-01    3.9065E-11    0.88798
Cd    48 110    0.2010        5.5927E-10     12.481
Cd    48 111    0.2060        5.7839E-10     12.792
Cd    48 112    0.3880        1.0992E-09     24.093
Cd    48 113    0.1970        5.6309E-10     12.233
Cd    48 114    0.4630        1.3351E-09     28.751
Cd    48 116    0.1210        3.5504E-10     7.5137


In    49 113    0.7900E-02    2.2581E-11     4.2958
In    49 115    0.1760        5.1197E-10     95.704


Sn    50 112    0.3720E-01    1.0539E-10    0.97400
Sn    50 114    0.2520E-01    7.2667E-11    0.65981
Sn    50 115    0.1290E-01    3.7525E-11    0.33776
Sn    50 116    0.5550        1.6285E-09     14.531
Sn    50 117    0.2930        8.6713E-10     7.6716
Sn    50 118    0.9250        2.7609E-09     24.219
Sn    50 119    0.3280        9.8731E-10     8.5880
Sn    50 120     1.245        3.7791E-09     32.598
Sn    50 122    0.1770        5.4622E-10     4.6344
Sn    50 124    0.2210        6.9318E-10     5.7864


Sb    51 121    0.1770        5.4174E-10     57.282
Sb    51 123    0.1320        4.1069E-10     42.718


Te    52 120    0.4300E-02    1.3052E-11    0.89377E-01
Te    52 122    0.1240        3.8266E-10     2.5774
Te    52 123    0.4280E-01    1.3316E-10    0.88961
Te    52 124    0.2290        7.1827E-10     4.7598
Te    52 125    0.3420        1.0814E-09     7.1086
Te    52 126    0.9090        2.8971E-09     18.894
Te    52 128     1.526        4.9408E-09     31.718
Te    52 130     1.634        5.3731E-09     33.963


I     53 127    0.9000        2.8912E-09     100.00


Xe    54 124    0.5710E-02    1.7910E-11    0.12173
Xe    54 126    0.5090E-02    1.6223E-11    0.10851
Xe    54 128    0.1030        3.3349E-10     2.1958
Xe    54 129     1.280        4.1767E-09     27.287
Xe    54 130    0.2050        6.7411E-10     4.3703
Xe    54 131     1.020        3.3799E-09     21.745
Xe    54 132     1.240        4.1403E-09     26.435
Xe    54 134    0.4590        1.5558E-09     9.7851
Xe    54 136    0.3730        1.2832E-09     7.9517


Cs    55 133    0.3720        1.2515E-09     100.00


Ba    56 130    0.4760E-02    1.5652E-11    0.10598
Ba    56 132    0.4530E-02    1.5125E-11    0.10086
Ba    56 134    0.1090        3.6946E-10     2.4269
Ba    56 135    0.2960        1.0108E-09     6.5905
Ba    56 136    0.3530        1.2144E-09     7.8597
Ba    56 137    0.5040        1.7466E-09     11.222
Ba    56 138     3.220        1.1240E-08     71.694


La    57 138    0.3970E-03    1.3858E-12    0.88934E-01
La    57 139    0.4460        1.5681E-09     99.911


Ce    58 136    0.2160E-02    7.4306E-12    0.19014
Ce    58 138    0.2840E-02    9.9136E-12    0.25000
Ce    58 140     1.005        3.5590E-09     88.468
Ce    58 142    0.1260        4.5258E-10     11.092


Pr    59 141    0.1670        5.9562E-10     100.00


Nd    60 142    0.2250        8.0817E-10     27.171
Nd    60 143    0.1010        3.6533E-10     12.197
Nd    60 144    0.1970        7.1757E-10     23.789
Nd    60 145    0.6870E-01    2.5198E-10     8.2961
Nd    60 146    0.1420        5.2441E-10     17.148
Nd    60 148    0.4770E-01    1.7857E-10     5.7602
Nd    60 150    0.4670E-01    1.7719E-10     5.6394


Sm    62 144    0.8000E-02    2.9140E-11     3.0996
Sm    62 147    0.3870E-01    1.4390E-10     14.994
Sm    62 148    0.2920E-01    1.0931E-10     11.313
Sm    62 149    0.3560E-01    1.3417E-10     13.793
Sm    62 150    0.1910E-01    7.2470E-11     7.4002
Sm    62 152    0.6890E-01    2.6491E-10     26.695
Sm    62 154    0.5860E-01    2.2827E-10     22.704


Eu    63 151    0.4650E-01    1.7761E-10     47.790
Eu    63 153    0.5080E-01    1.9660E-10     52.210


Gd    64 152    0.6600E-03    2.5376E-12    0.20003
Gd    64 154    0.7190E-02    2.8008E-11     2.1791
Gd    64 155    0.4880E-01    1.9133E-10     14.790
Gd    64 156    0.6760E-01    2.6675E-10     20.488
Gd    64 157    0.5160E-01    2.0492E-10     15.639
Gd    64 158    0.8200E-01    3.2772E-10     24.852
Gd    64 160    0.7210E-01    2.9180E-10     21.852


Tb    65 159    0.6030E-01    2.4252E-10     100.00


Dy    66 156    0.2210E-03    8.7207E-13    0.56018E-01
Dy    66 158    0.3780E-03    1.5107E-12    0.95813E-01
Dy    66 160    0.9220E-02    3.7315E-11     2.3370
Dy    66 161    0.7450E-01    3.0340E-10     18.884
Dy    66 162    0.1010        4.1388E-10     25.601
Dy    66 163    0.9820E-01    4.0489E-10     24.891
Dy    66 164    0.1110        4.6047E-10     28.136


Ho    67 165    0.8890E-01    3.7104E-10     100.00


Er    68 162    0.3510E-03    1.4383E-12    0.13990
Er    68 164    0.4040E-02    1.6759E-11     1.6103
Er    68 166    0.8430E-01    3.5397E-10     33.600
Er    68 167    0.5760E-01    2.4332E-10     22.958
Er    68 168    0.6720E-01    2.8557E-10     26.785
Er    68 170    0.3740E-01    1.6082E-10     14.907


Tm    69 169    0.3780E-01    1.6159E-10     100.00


Yb    70 168    0.3220E-03    1.3684E-12    0.12990
Yb    70 170    0.7560E-02    3.2509E-11     3.0498
Yb    70 171    0.3540E-01    1.5312E-10     14.281
Yb    70 172    0.5430E-01    2.3624E-10     21.906
Yb    70 173    0.4000E-01    1.7504E-10     16.137
Yb    70 174    0.7880E-01    3.4682E-10     31.789
Yb    70 176    0.3150E-01    1.4023E-10     12.708


Lu    71 175    0.3570E-01    1.5803E-10     97.405
Lu    71 176    0.9510E-03    4.2338E-12     2.5947


Hf    72 174    0.2490E-03    1.0959E-12    0.16162
Hf    72 176    0.8020E-02    3.5704E-11     5.2055
Hf    72 177    0.2870E-01    1.2850E-10     18.628
Hf    72 178    0.4200E-01    1.8910E-10     27.261
Hf    72 179    0.2100E-01    9.5084E-11     13.630
Hf    72 180    0.5410E-01    2.4632E-10     35.114


Ta    73 180    0.2480E-05    1.1292E-14    0.11979E-01
Ta    73 181    0.2070E-01    9.4772E-11     99.988


W     74 180    0.1730E-03    7.8768E-13    0.13010
W     74 182    0.3500E-01    1.6113E-10     26.321
W     74 183    0.1900E-01    8.7950E-11     14.289
W     74 184    0.4080E-01    1.8989E-10     30.683
W     74 186    0.3800E-01    1.7878E-10     28.577


Re    75 185    0.1930E-01    9.0315E-11     37.331
Re    75 187    0.3240E-01    1.5326E-10     62.669


Os    76 184    0.1220E-03    5.6782E-13    0.18063E-01
Os    76 186    0.1070E-01    5.0342E-11     1.5842
Os    76 187    0.1080E-01    5.1086E-11     1.5990
Os    76 188    0.8980E-01    4.2704E-10     13.295
Os    76 189    0.1090        5.2110E-10     16.138
Os    76 190    0.1780        8.5547E-10     26.354
Os    76 192    0.2770        1.3453E-09     41.011


Ir    77 191    0.2470        1.1933E-09     37.368
Ir    77 193    0.4140        2.0211E-09     62.632


Pt    78 190    0.1700E-03    8.1703E-13    0.12696E-01
Pt    78 192    0.1050E-01    5.0995E-11    0.78418
Pt    78 194    0.4410        2.1641E-09     32.936
Pt    78 195    0.4530        2.2344E-09     33.832
Pt    78 196    0.3380        1.6757E-09     25.243
Pt    78 198    0.9630E-01    4.8231E-10     7.1921


Au    79 197    0.1870        9.3184E-10     100.00


Hg    80 196    0.5200E-03    2.5781E-12    0.15298
Hg    80 198    0.3390E-01    1.6978E-10     9.9729
Hg    80 199    0.5740E-01    2.8893E-10     16.886
Hg    80 200    0.7850E-01    3.9713E-10     23.094
Hg    80 201    0.4480E-01    2.2778E-10     13.180
Hg    80 202    0.1015        5.1862E-10     29.860
Hg    80 204    0.2330E-01    1.2023E-10     6.8546


Tl    81 203    0.5430E-01    2.7882E-10     29.511
Tl    81 205    0.1297        6.7255E-10     70.489


Pb    82 204    0.6110E-01    3.1529E-10     1.9396
Pb    82 206    0.6020        3.1369E-09     19.111
Pb    82 207    0.6500        3.4034E-09     20.634
Pb    82 208     1.837        9.6651E-09     58.316


Bi    83 209    0.1440        7.6128E-10     100.00


Th    90 232    0.3350E-01    1.9659E-10     100.00


U     92 235    0.6480E-04    3.8519E-13    0.72042
U     92 238    0.8930E-02    5.3760E-11     99.280


 X,Y,ZSolar =    0.70578   0.27524   0.01899


  NUISOT =         286
